0.0 0.0 0.0 0.0 0.0 0.0 0.0 0.0 0.0 0.0 0.0 0.0 0.0 0.0 0.0 0.0 0.0 0.0 0.0 0.0 0.0 0.0 0.0 0.0 0.0 0.0 0.0 0.0 0.0 0.0 0.0 0.0 0.0 0.0 0.0 0.0 0.0 0.0 0.0 0.0 0.0 0.0 0.0 0.0 0.0 0.0 0.0 0.0 0.0 0.0 0.0 0.0 0.0 0.0 0.0 0.0 0.0 0.0 0.0 0.0 0.0 0.0 0.0 0.0 0.0 0.0 0.0 0.0 0.0 0.0 0.0 0.0 0.0 0.0 0.0 0.0 0.0 0.0 0.0 0.0 0.0 0.0 0.0 0.0 0.0 0.0 0.0 0.0 0.0 0.0 0.0 0.0 0.0 0.0 0.0 0.0 0.0 0.0 0.0 0.0
0.0 0.0 0.0 0.0 0.0 0.0 0.0 0.0 0.0 0.0 0.0 0.0 0.0 0.0 0.0 0.0 0.0 0.0 0.0 0.0 0.0 0.0 0.0 0.0 0.0 0.0 0.0 0.0 0.0 0.0 0.0 0.0 0.0 0.0 0.0 0.0 0.0 0.0 0.0 0.0 0.0 0.0 0.0 0.0 0.0 0.0 0.0 0.0 0.0 0.0 0.0 0.0 0.0 0.0 0.0 0.0 0.0 0.0 0.0 0.0 0.0 0.0 0.0 0.0 0.0 0.0 0.0 0.0 0.0 0.0 0.0 0.0 0.0 0.0 0.0 0.0 0.0 0.0 0.0 0.0 0.0 0.0 0.0 0.0 0.0 0.0 0.0 0.0 0.0 0.0 0.0 0.0 0.0 0.0 0.0 0.0 0.0 0.0 0.0 0.0
0.0 0.0 0.0 0.0 0.0 0.0 0.0 0.0 0.0 0.0 0.0 0.0 0.0 0.0 0.0 0.0 0.0 0.0 0.0 0.0 0.0 0.0 0.0 0.0 0.0 0.0 0.0 0.0 0.0 0.0 0.0 0.0 0.0 0.0 0.0 0.0 0.0 0.0 0.0 0.0 0.0 0.0 0.0 0.0 0.0 0.0 0.0 0.0 0.0 0.0 0.0 0.0 0.0 0.0 0.0 0.0 0.0 0.0 0.0 0.0 0.0 0.0 0.0 0.0 0.0 0.0 0.0 0.0 0.0 0.0 0.0 0.0 0.0 0.0 0.0 0.0 0.0 0.0 0.0 0.0 0.0 0.0 0.0 0.0 0.0 0.0 0.0 0.0 0.0 0.0 0.0 0.0 0.0 0.0 0.0 0.0 0.0 0.0 0.0 0.0
0.0 0.0 0.0 0.0 0.0 0.0 0.0 0.0 0.0 0.0 0.0 0.0 0.0 0.0 0.0 0.0 0.0 0.0 0.0 0.0 0.0 0.0 0.0 0.0 0.0 0.0 0.0 0.0 0.0 0.0 0.0 0.0 0.0 0.0 0.0 0.0 0.0 0.0 0.0 0.0 0.0 0.0 0.0 0.0 0.0 0.0 0.0 0.0 0.0 0.0 0.0 0.0 0.0 0.0 0.0 0.0 0.0 0.0 0.0 0.0 0.0 0.0 0.0 0.0 0.0 0.0 0.0 0.0 0.0 0.0 0.0 0.0 0.0 0.0 0.0 0.0 0.0 0.0 0.0 0.0 0.0 0.0 0.0 0.0 0.0 0.0 0.0 0.0 0.0 0.0 0.0 0.0 0.0 0.0 0.0 0.0 0.0 0.0 0.0 0.0
0.0 0.0 0.0 0.0 0.0 0.0 0.0 0.0 0.0 0.0 0.0 0.0 0.0 0.0 0.0 0.0 0.0 0.0 0.0 0.0 0.0 0.0 0.0 0.0 0.0 0.0 0.0 0.0 0.0 0.0 0.0 0.0 0.0 0.0 0.0 0.0 0.0 0.0 0.0 0.0 0.0 0.0 0.0 0.0 0.0 0.0 0.0 0.0 0.0 0.0 0.0 0.0 0.0 0.0 0.0 0.0 0.0 0.0 0.0 0.0 0.0 0.0 0.0 0.0 0.0 0.0 0.0 0.0 0.0 0.0 0.0 0.0 0.0 0.0 0.0 0.0 0.0 0.0 0.0 0.0 0.0 0.0 0.0 0.0 0.0 0.0 0.0 0.0 0.0 0.0 0.0 0.0 0.0 0.0 0.0 0.0 0.0 0.0 0.0 0.0
0.0 0.0 0.0 0.0 0.0 0.0 0.0 0.0 0.0 0.0 0.0 0.0 0.0 0.0 0.0 0.0 0.0 0.0 0.0 0.0 0.0 0.0 0.0 0.0 0.0 0.0 0.0 0.0 0.0 0.0 0.0 0.0 0.0 0.0 0.0 0.0 0.0 0.0 0.0 0.0 0.0 0.0 0.0 0.0 0.0 0.0 0.0 0.0 0.0 0.0 0.0 0.0 0.0 0.0 0.0 0.0 0.0 0.0 0.0 0.0 0.0 0.0 0.0 0.0 0.0 0.0 0.0 0.0 0.0 0.0 0.0 0.0 0.0 0.0 0.0 0.0 0.0 0.0 0.0 0.0 0.0 0.0 0.0 0.0 0.0 0.0 0.0 0.0 0.0 0.0 0.0 0.0 0.0 0.0 0.0 0.0 0.0 0.0 0.0 0.0
0.0 0.0 0.0 0.0 0.0 0.0 0.0 0.0 0.0 0.0 0.0 0.0 0.0 0.0 0.0 0.0 0.0 0.0 0.0 0.0 0.0 0.0 0.0 0.0 0.0 0.0 0.0 0.0 1.8754413706936203e-06 7.485944872184243e-06 8.76373459741838e-06 5.649397581091606e-06 0.0 0.0 0.0 0.0 0.0 0.0 0.0 0.0 0.0 0.0 0.0 0.0 0.0 0.0 0.0 0.0 0.0 0.0 0.0 0.0 0.0 0.0 0.0 0.0 0.0 0.0 0.0 0.0 0.0 0.0 0.0 0.0 0.0 0.0 0.0 0.0 0.0 0.0 0.0 0.0 0.0 0.0 0.0 0.0 0.0 0.0 0.0 0.0 0.0 0.0 0.0 0.0 0.0 0.0 0.0 0.0 0.0 0.0 0.0 0.0 0.0 0.0 0.0 0.0 0.0 0.0 0.0 0.0
0.0 0.0 0.0 0.0 0.0 0.0 0.0 0.0 0.0 0.0 0.0 0.0 0.0 0.0 0.0 0.0 0.0 0.0 0.0 0.0 0.0 0.0 0.0 0.0 0.0 0.0 0.0 5.065380826339387e-06 1.5037363623524862e-05 2.0851927935136906e-05 2.2333778470492456e-05 1.9423502264287094e-05 1.2180512281825249e-05 7.801038137895122e-07 0.0 0.0 0.0 0.0 0.0 0.0 0.0 0.0 0.0 0.0 0.0 0.0 0.0 0.0 0.0 0.0 0.0 0.0 0.0 0.0 0.0 0.0 0.0 0.0 0.0 0.0 0.0 0.0 0.0 0.0 0.0 0.0 0.0 0.0 0.0 0.0 0.0 0.0 0.0 0.0 0.0 0.0 0.0 0.0 0.0 0.0 0.0 0.0 0.0 0.0 0.0 0.0 0.0 0.0 0.0 0.0 0.0 0.0 0.0 0.0 0.0 0.0 0.0 0.0 0.0 0.0
0.0 0.0 0.0 0.0 0.0 0.0 0.0 0.0 0.0 0.0 0.0 0.0 0.0 0.0 0.0 0.0 0.0 0.0 0.0 0.0 0.0 0.0 0.0 0.0 0.0 0.0 3.564208857544604e-06 1.7615120648806985e-05 2.779116425611388e-05 3.3809789377847336e-05 3.549570072332431e-05 3.278948532724036e-05 2.5750556154899927e-05 1.4554208496985618e-05 0.0 0.0 0.0 0.0 0.0 0.0 0.0 0.0 0.0 0.0 0.0 0.0 0.0 0.0 0.0 0.0 0.0 0.0 0.0 0.0 0.0 0.0 0.0 0.0 0.0 0.0 0.0 0.0 0.0 0.0 0.0 0.0 0.0 0.0 0.0 0.0 0.0 0.0 0.0 0.0 0.0 0.0 0.0 0.0 0.0 0.0 0.0 0.0 0.0 0.0 0.0 0.0 0.0 0.0 0.0 0.0 0.0 0.0 0.0 0.0 0.0 0.0 0.0 0.0 0.0 0.0
0.0 0.0 0.0 0.0 0.0 0.0 0.0 0.0 0.0 0.0 0.0 0.0 0.0 0.0 0.0 0.0 0.0 0.0 0.0 0.0 0.0 0.0 0.0 0.0 0.0 0.0 1.5501766249649007e-05 2.9756738851032806e-05 4.013684326846111e-05 4.635952920031599e-05 4.8249501355914377e-05 4.5747346769951845e-05 3.8912478407732825e-05 2.792019155993993e-05 1.3053036528192216e-05 0.0 0.0 0.0 0.0 0.0 0.0 0.0 0.0 0.0 0.0 0.0 0.0 0.0 0.0 0.0 0.0 0.0 0.0 0.0 0.0 0.0 0.0 0.0 0.0 0.0 0.0 0.0 0.0 0.0 0.0 0.0 0.0 0.0 0.0 0.0 0.0 0.0 0.0 0.0 0.0 0.0 0.0 0.0 0.0 0.0 0.0 0.0 0.0 0.0 0.0 0.0 0.0 0.0 0.0 0.0 0.0 0.0 0.0 0.0 0.0 0.0 0.0 0.0 0.0 0.0
0.0 0.0 0.0 0.0 0.0 0.0 0.0 0.0 0.0 0.0 0.0 0.0 0.0 0.0 0.0 0.0 0.0 0.0 0.0 0.0 0.0 0.0 0.0 0.0 0.0 9.073387190043073e-06 2.7031202021517403e-05 4.1490235433022616e-05 5.207440066057234e-05 5.850114740254863e-05 6.0595180368268435e-05 5.829708659242732e-05 5.166627904032972e-05 4.087805300265824e-05 2.6214958781031937e-05 8.053083139436076e-06 0.0 0.0 0.0 0.0 0.0 0.0 0.0 0.0 0.0 0.0 0.0 0.0 0.0 0.0 0.0 0.0 0.0 0.0 0.0 0.0 0.0 0.0 0.0 0.0 0.0 0.0 0.0 0.0 0.0 0.0 0.0 0.0 0.0 0.0 0.0 0.0 0.0 0.0 0.0 0.0 0.0 0.0 0.0 0.0 0.0 0.0 0.0 0.0 0.0 0.0 0.0 0.0 0.0 0.0 0.0 0.0 0.0 0.0 0.0 0.0 0.0 0.0 0.0 0.0
0.0 0.0 0.0 0.0 0.0 0.0 0.0 0.0 0.0 0.0 0.0 0.0 0.0 0.0 0.0 0.0 0.0 0.0 0.0 0.0 0.0 0.0 0.0 0.0 0.0 1.9990640531577577e-05 3.8152516173173326e-05 5.281561039479995e-05 6.36038364324711e-05 7.02346439845688e-05 7.253273776041003e-05 7.043870479469033e-05 6.401195805271414e-05 5.3427792825164076e-05 3.896875941365919e-05 2.101094458218474e-05 6.091083105660977e-09 0.0 0.0 0.0 0.0 0.0 0.0 0.0 0.0 0.0 0.0 0.0 0.0 0.0 0.0 0.0 0.0 0.0 0.0 0.0 0.0 0.0 0.0 0.0 0.0 0.0 0.0 0.0 0.0 0.0 0.0 0.0 0.0 0.0 0.0 0.0 0.0 0.0 0.0 0.0 0.0 0.0 0.0 0.0 0.0 0.0 0.0 0.0 0.0 0.0 0.0 0.0 0.0 0.0 0.0 0.0 0.0 0.0 0.0 0.0 0.0 0.0 0.0 0.0
0.0 0.0 0.0 0.0 0.0 0.0 0.0 0.0 0.0 0.0 0.0 0.0 0.0 0.0 0.0 0.0 0.0 0.0 0.0 0.0 0.0 0.0 0.0 0.0 9.086797133688615e-06 3.0499772253010414e-05 4.8865708704727574e-05 6.373286373647563e-05 7.472515058426819e-05 8.156001894648731e-05 8.406217353244993e-05 8.217220137685166e-05 7.59495154449969e-05 6.556941102756825e-05 5.131443842618477e-05 3.3560684404831735e-05 1.2759891715874071e-05 0.0 0.0 0.0 0.0 0.0 0.0 0.0 0.0 0.0 0.0 0.0 0.0 0.0 0.0 0.0 0.0 0.0 0.0 0.0 0.0 0.0 0.0 0.0 0.0 0.0 0.0 0.0 0.0 0.0 0.0 0.0 0.0 0.0 0.0 0.0 0.0 0.0 0.0 0.0 0.0 0.0 0.0 0.0 0.0 0.0 0.0 0.0 0.0 0.0 0.0 0.0 0.0 0.0 0.0 0.0 0.0 0.0 0.0 0.0 0.0 0.0 0.0 0.0
0.0 0.0 0.0 0.0 0.0 0.0 0.0 0.0 0.0 0.0 0.0 0.0 0.0 0.0 0.0 0.0 0.0 0.0 0.0 0.0 0.0 0.0 0.0 0.0 1.898374642537398e-05 4.06007823548172e-05 5.9170779616655776e-05 7.424199545852523e-05 8.543834311643922e-05 9.247727228877976e-05 9.51834876848638e-05 9.349757633938693e-05 8.747895121765359e-05 7.730290761034636e-05 6.32519958190843e-05 4.5702302607852686e-05 2.510557072901643e-05 1.968342004173916e-06 0.0 0.0 0.0 0.0 0.0 0.0 0.0 0.0 0.0 0.0 0.0 0.0 0.0 0.0 0.0 0.0 0.0 0.0 0.0 0.0 0.0 0.0 0.0 0.0 0.0 0.0 0.0 0.0 0.0 0.0 0.0 0.0 0.0 0.0 0.0 0.0 0.0 0.0 0.0 0.0 0.0 0.0 0.0 0.0 0.0 0.0 0.0 0.0 0.0 0.0 0.0 0.0 0.0 0.0 0.0 0.0 0.0 0.0 0.0 0.0 0.0 0.0
0.0 0.0 0.0 0.0 0.0 0.0 0.0 0.0 0.0 0.0 0.0 0.0 0.0 0.0 0.0 0.0 0.0 0.0 0.0 0.0 0.0 0.0 0.0 4.110980513839041e-06 2.847257409941016e-05 5.029367083897479e-05 6.906772891093478e-05 8.434300556292566e-05 9.574341403096105e-05 0.00010298640401342301 0.00010589668021962847 0.00010441482968427303 9.860026537266109e-05 8.862828257547529e-05 7.478143159433464e-05 5.743579919322444e-05 3.70431281245096e-05 1.4109960209788503e-05 0.0 0.0 0.0 0.0 0.0 0.0 0.0 0.0 0.0 0.0 0.0 0.0 0.0 0.0 0.0 0.0 0.0 0.0 0.0 0.0 0.0 0.0 0.0 0.0 0.0 0.0 0.0 0.0 0.0 0.0 0.0 0.0 0.0 0.0 0.0 0.0 0.0 0.0 0.0 0.0 0.0 0.0 0.0 0.0 0.0 0.0 0.0 0.0 0.0 0.0 0.0 0.0 0.0 0.0 0.0 0.0 0.0 0.0 0.0 0.0 0.0 0.0
0.0 0.0 0.0 0.0 0.0 0.0 0.0 0.0 0.0 0.0 0.0 0.0 0.0 0.0 0.0 0.0 0.0 0.0 0.0 0.0 0.0 0.0 0.0 1.2987625767974096e-05 3.755328016366663e-05 5.957843771335268e-05 7.855655659543409e-05 9.403589405754638e-05 0.00010564036333570318 0.00011308741412828656 0.00011620175114461345 0.00011492396141937941 0.0001093134579178889 9.95455359308245e-05 8.590274575980527e-05 6.87611741688165e-05 4.857256391022307e-05 2.5843456805623387e-05 1.1127013773963925e-06 0.0 0.0 0.0 0.0 0.0 0.0 0.0 0.0 0.0 0.0 0.0 0.0 0.0 0.0 0.0 0.0 0.0 0.0 0.0 0.0 0.0 0.0 0.0 0.0 0.0 0.0 0.0 0.0 0.0 0.0 0.0 0.0 0.0 0.0 0.0 0.0 0.0 0.0 0.0 0.0 0.0 0.0 0.0 0.0 0.0 0.0 0.0 0.0 0.0 0.0 0.0 0.0 0.0 0.0 0.0 0.0 0.0 0.0 0.0 0.0 0.0
0.0 0.0 0.0 0.0 0.0 0.0 0.0 0.0 0.0 0.0 0.0 0.0 0.0 0.0 0.0 0.0 0.0 0.0 0.0 0.0 0.0 0.0 0.0 2.1456149442362533e-05 4.622586464817648e-05 6.845508300798394e-05 8.763726270018677e-05 0.00010332066097242048 0.0001151291910606987 0.0001227803026634035 0.00012609870048985178 0.00012502497157473917 0.00011961852888337007 0.0001100546677064271 9.661593834552928e-05 7.967842756466193e-05 5.9693878116189916e-05 3.716883182171165e-05 1.2642137203606075e-05 0.0 0.0 0.0 0.0 0.0 0.0 0.0 0.0 0.0 0.0 0.0 0.0 0.0 0.0 0.0 0.0 0.0 0.0 0.0 0.0 0.0 0.0 0.0 0.0 0.0 0.0 0.0 0.0 0.0 0.0 0.0 0.0 0.0 0.0 0.0 0.0 0.0 0.0 0.0 0.0 0.0 0.0 0.0 0.0 0.0 0.0 0.0 0.0 0.0 0.0 0.0 0.0 0.0 0.0 0.0 0.0 0.0 0.0 0.0 0.0 0.0
0.0 0.0 0.0 0.0 0.0 0.0 0.0 0.0 0.0 0.0 0.0 0.0 0.0 0.0 0.0 0.0 0.0 0.0 0.0 0.0 0.0 0.0 2.5411273073128975e-06 2.951655164687535e-05 5.449032766281071e-05 7.692360683273961e-05 9.630984733506384e-05 0.00011219730641741897 0.00012420989731581862 0.00013206506972864482 0.00013558752836521454 0.00013471786026022332 0.00012951547837897564 0.00012015567801215407 0.00010692100946137769 9.018755949063173e-05 7.040707085228115e-05 4.80860853679243e-05 2.3763451559940135e-05 0.0 0.0 0.0 0.0 0.0 0.0 0.0 0.0 0.0 0.0 0.0 0.0 0.0 0.0 0.0 0.0 0.0 0.0 0.0 0.0 0.0 0.0 0.0 0.0 0.0 0.0 0.0 0.0 0.0 0.0 0.0 0.0 0.0 0.0 0.0 0.0 0.0 0.0 0.0 0.0 0.0 0.0 0.0 0.0 0.0 0.0 0.0 0.0 0.0 0.0 0.0 0.0 0.0 0.0 0.0 0.0 0.0 0.0 0.0 0.0 0.0
0.0 0.0 0.0 0.0 0.0 0.0 0.0 0.0 0.0 0.0 0.0 0.0 0.0 0.0 0.0 0.0 0.0 0.0 0.0 0.0 0.0 0.0 9.989347617036547e-06 3.716883276672042e-05 6.23466695927772e-05 8.498400957282749e-05 0.00010457431088527316 0.0001206658307777497 0.00013288248248627074 0.00014094171570921838 0.0001446682351559095 0.00014400262786103972 0.00013900430678991343 0.00012984856723321332 0.00011681795949255833 0.00010028857033193379 8.071214250370462e-05 5.859521782946919e-05 3.4476644831606446e-05 8.90483718127149e-06 0.0 0.0 0.0 0.0 0.0 0.0 0.0 0.0 0.0 0.0 0.0 0.0 0.0 0.0 0.0 0.0 0.0 0.0 0.0 0.0 0.0 0.0 0.0 0.0 0.0 0.0 0.0 0.0 0.0 0.0 0.0 0.0 0.0 0.0 0.0 0.0 0.0 0.0 0.0 0.0 0.0 0.0 0.0 0.0 0.0 0.0 0.0 0.0 0.0 0.0 0.0 0.0 0.0 0.0 0.0 0.0 0.0 0.0 0.0 0.0
0.0 0.0 0.0 0.0 0.0 0.0 0.0 0.0 0.0 0.0 0.0 0.0 0.0 0.0 0.0 0.0 0.0 0.0 0.0 0.0 0.0 0.0 1.7029448136165294e-05 4.441299409597058e-05 6.979489173214878e-05 9.263629252232049e-05 0.00011243065464488757 0.00012872623534748555 0.000141146947866128 0.000149410241899197 0.00015334082215600958 0.00015287927567126123 0.00014808501541025638 0.00013913333666367762 0.00012630678973314408 0.00010998146138264094 9.06090943645332e-05 6.869623050041917e-05 4.478171831267785e-05 1.9413971472464314e-05 0.0 0.0 0.0 0.0 0.0 0.0 0.0 0.0 0.0 0.0 0.0 0.0 0.0 0.0 0.0 0.0 0.0 0.0 0.0 0.0 0.0 0.0 0.0 0.0 0.0 0.0 0.0 0.0 0.0 0.0 0.0 0.0 0.0 0.0 0.0 0.0 0.0 0.0 0.0 0.0 0.0 0.0 0.0 0.0 0.0 0.0 0.0 0.0 0.0 0.0 0.0 0.0 0.0 0.0 0.0 0.0 0.0 0.0 0.0 0.0
0.0 0.0 0.0 0.0 0.0 0.0 0.0 0.0 0.0 0.0 0.0 0.0 0.0 0.0 0.0 0.0 0.0 0.0 0.0 0.0 0.0 0.0 2.3661433029308906e-05 5.124903979923561e-05 7.683499824553521e-05 9.988045984582835e-05 0.00011987888277851684 0.00013637852429123623 0.0001490032976200001 0.00015747065246319057 0.00016160529353012452 0.00016134780785549758 0.00015675760840461414 0.00014800999046815682 0.00013538750434774466 0.00011926623680736298 0.00010009793059937664 7.838912754538403e-05 5.4678676167764114e-05 2.9514990137671996e-05 3.4343802543383357e-06 0.0 0.0 0.0 0.0 0.0 0.0 0.0 0.0 0.0 0.0 0.0 0.0 0.0 0.0 0.0 0.0 0.0 0.0 0.0 0.0 0.0 0.0 0.0 0.0 0.0 0.0 0.0 0.0 0.0 0.0 0.0 0.0 0.0 0.0 0.0 0.0 0.0 0.0 0.0 0.0 0.0 0.0 0.0 0.0 0.0 0.0 0.0 0.0 0.0 0.0 0.0 0.0 0.0 0.0 0.0 0.0 0.0 0.0 0.0
0.0 0.0 0.0 0.0 0.0 0.0 0.0 0.0 0.0 0.0 0.0 0.0 0.0 0.0 0.0 0.0 0.0 0.0 0.0 0.0 0.0 6.404129001189585e-07 2.988531513263951e-05 5.767698271268763e-05 8.346700196910865e-05 0.0001067165243795232 0.00012691900812233312 0.00014362271044517392 0.00015645154458405921 0.00016512296023737109 0.00016946166211442645 0.0001694082372499209 0.0001650220986091589 0.000156478541482823 0.0001440601161725323 0.00012814290944227196 0.00010917866404440707 8.767392180053587e-05 6.416753123303737e-05 3.920790601306667e-05 1.3331356939854426e-05 0.0 0.0 0.0 0.0 0.0 0.0 0.0 0.0 0.0 0.0 0.0 0.0 0.0 0.0 0.0 0.0 0.0 0.0 0.0 0.0 0.0 0.0 0.0 0.0 0.0 0.0 0.0 0.0 0.0 0.0 0.0 0.0 0.0 0.0 0.0 0.0 0.0 0.0 0.0 0.0 0.0 0.0 0.0 0.0 0.0 0.0 0.0 0.0 0.0 0.0 0.0 0.0 0.0 0.0 0.0 0.0 0.0 0.0 0.0
0.0 0.0 0.0 0.0 0.0 0.0 0.0 0.0 0.0 0.0 0.0 0.0 0.0 0.0 0.0 0.0 0.0 0.0 0.0 0.0 0.0 6.2521692844750584e-06 3.5701132327117026e-05 6.369686071728656e-05 8.969094078382902e-05 0.00011314452400436496 0.0001335510685572963 0.0001504588316902585 0.00016349172663926523 0.00017236720310269852 0.00017690996578987532 0.00017706060173549118 0.00017287852390485055 0.00016453902758863608 0.0001523246630884668 0.00013661151716832793 0.0001178513325805844 9.655065114683464e-05 7.324832138945756e-05 4.8492756979608265e-05 2.2820268716517433e-05 0.0 0.0 0.0 0.0 0.0 0.0 0.0 0.0 0.0 0.0 0.0 0.0 0.0 0.0 0.0 0.0 0.0 0.0 0.0 0.0 0.0 0.0 0.0 0.0 0.0 0.0 0.0 0.0 0.0 0.0 0.0 0.0 0.0 0.0 0.0 0.0 0.0 0.0 0.0 0.0 0.0 0.0 0.0 0.0 0.0 0.0 0.0 0.0 0.0 0.0 0.0 0.0 0.0 0.0 0.0 0.0 0.0 0.0 0.0
0.0 0.0 0.0 0.0 0.0 0.0 0.0 0.0 0.0 0.0 0.0 0.0 0.0 0.0 0.0 0.0 0.0 0.0 0.0 0.0 0.0 1.1455967762530004e-05 4.1108991615293384e-05 6.930878081558433e-05 9.55069216922482e-05 0.00011916456572290559 0.00013977517108595833 0.00015688699502904192 0.0001701239507881701 0.00017920348806172478 0.000183950311559023 0.0001843050083147603 0.0001803269912942411 0.000172191555788148 0.00016018125209810014 0.0001446721669880827 0.0001261160432104606 0.00010501942258683223 8.192115363957658e-05 5.73696500398487e-05 3.1901222586879285e-05 6.020646818773678e-06 0.0 0.0 0.0 0.0 0.0 0.0 0.0 0.0 0.0 0.0 0.0 0.0 0.0 0.0 0.0 0.0 0.0 0.0 0.0 0.0 0.0 0.0 0.0 0.0 0.0 0.0 0.0 0.0 0.0 0.0 0.0 0.0 0.0 0.0 0.0 0.0 0.0 0.0 0.0 0.0 0.0 0.0 0.0 0.0 0.0 0.0 0.0 0.0 0.0 0.0 0.0 0.0 0.0 0.0 0.0 0.0 0.0 0.0
0.0 0.0 0.0 0.0 0.0 0.0 0.0 0.0 0.0 0.0 0.0 0.0 0.0 0.0 0.0 0.0 0.0 0.0 0.0 0.0 0.0 1.625209753508332e-05 4.610918219796812e-05 7.451303220838049e-05 0.00010091523389516577 0.00012477693873594455 0.0001455916049091187 0.00016290748966232377 0.00017634850623157332 0.00018563210431524942 0.00019058298862266907 0.00019114174618852777 0.00018736778997813 0.00017943641528215835 0.00016763017240223186 0.00015232514810233582 0.00013397308513483518 0.00011308052532132822 9.018631718419397e-05 6.583887439458753e-05 4.057450775173951e-05 1.489799279375532e-05 0.0 0.0 0.0 0.0 0.0 0.0 0.0 0.0 0.0 0.0 0.0 0.0 0.0 0.0 0.0 0.0 0.0 0.0 0.0 0.0 0.0 0.0 0.0 0.0 0.0 0.0 0.0 0.0 0.0 0.0 0.0 0.0 0.0 0.0 0.0 0.0 0.0 0.0 0.0 0.0 0.0 0.0 0.0 0.0 0.0 0.0 0.0 0.0 0.0 0.0 0.0 0.0 0.0 0.0 0.0 0.0 0.0 0.0
0.0 0.0 0.0 0.0 0.0 0.0 0.0 0.0 0.0 0.0 0.0 0.0 0.0 0.0 0.0 0.0 0.0 0.0 0.0 0.0 0.0 2.064130618465424e-05 5.070245165766045e-05 7.931036247819424e-05 0.00010591662497510093 0.00012998239062600114 0.0001510011176092967 0.00016852106317262317 0.00018216614055199416 0.00019165379944579167 0.00019680874456333273 0.00019757156293931285 0.0001940016675390365 0.00018627435365318627 0.0001746721715833812 0.00015957120809360656 0.0001414232059362273 0.00012073470693284179 9.804455960582896e-05 7.390117762634391e-05 4.884087179361734e-05 2.3368417645754562e-05 0.0 0.0 0.0 0.0 0.0 0.0 0.0 0.0 0.0 0.0 0.0 0.0 0.0 0.0 0.0 0.0 0.0 0.0 0.0 0.0 0.0 0.0 0.0 0.0 0.0 0.0 0.0 0.0 0.0 0.0 0.0 0.0 0.0 0.0 0.0 0.0 0.0 0.0 0.0 0.0 0.0 0.0 0.0 0.0 0.0 0.0 0.0 0.0 0.0 0.0 0.0 0.0 0.0 0.0 0.0 0.0 0.0 0.0
0.0 0.0 0.0 0.0 0.0 0.0 0.0 0.0 0.0 0.0 0.0 0.0 0.0 0.0 0.0 0.0 0.0 0.0 0.0 0.0 0.0 2.462544114117468e-05 5.489064742430231e-05 8.37026190549575e-05 0.00011051294236198562 0.00013478276882300725 0.00015600555661642422 0.0001737295629898721 0.00018757870117936447 0.00019727042088328345 0.0002026294268109459 0.00020359630599704745 0.00020023047140689252 0.0001927072183311637 0.00018130909707148005 0.00016641219439182683 0.00014846825304456898 0.0001279838148513049 0.00010549772833441347 8.155840716504985e-05 5.670216214244468e-05 3.1433768804703326e-05 6.21019535382214e-06 0.0 0.0 0.0 0.0 0.0 0.0 0.0 0.0 0.0 0.0 0.0 0.0 0.0 0.0 0.0 0.0 0.0 0.0 0.0 0.0 0.0 0.0 0.0 0.0 0.0 0.0 0.0 0.0 0.0 0.0 0.0 0.0 0.0 0.0 0.0 0.0 0.0 0.0 0.0 0.0 0.0 0.0 0.0 0.0 0.0 0.0 0.0 0.0 0.0 0.0 0.0 0.0 0.0 0.0 0.0 0.0 0.0
0.0 0.0 0.0 0.0 0.0 0.0 0.0 0.0 0.0 0.0 0.0 0.0 0.0 0.0 0.0 0.0 0.0 0.0 0.0 0.0 0.0 2.8208864424248376e-05 5.867813151749742e-05 8.769416395827403e-05 0.00011470854807542356 0.0001391824353465666 0.00016060928395010503 0.00017853735113367432 0.0001925905501332881 0.00020248633064732846 0.00020804939738511236 0.0002092203373813353 0.0002060585636013018 0.0001987393713356944 0.00018754531088613217 0.00017285246901660036 0.00015511258847946395 0.00013483221109632124 0.00011255018538955124 8.881492503030903e-05 6.416274081782528e-05 3.9098408290205346e-05 1.4078895649445581e-05 0.0 0.0 0.0 0.0 0.0 0.0 0.0 0.0 0.0 0.0 0.0 0.0 0.0 0.0 0.0 0.0 0.0 0.0 0.0 0.0 0.0 0.0 0.0 0.0 0.0 0.0 0.0 0.0 0.0 0.0 0.0 0.0 0.0 0.0 0.0 0.0 0.0 0.0 0.0 0.0 0.0 0.0 0.0 0.0 0.0 0.0 0.0 0.0 0.0 0.0 0.0 0.0 0.0 0.0 0.0 0.0 0.0
0.0 0.0 0.0 0.0 0.0 0.0 0.0 0.0 0.0 0.0 0.0 0.0 0.0 0.0 0.0 0.0 0.0 0.0 0.0 0.0 0.0 3.1401410219579334e-05 6.20747381229498e-05 9.129483137384784e-05 0.00011851327630111877 0.00014319122438238323 0.00016482213379604305 0.00018295426178973375 0.00019721152159946897 0.00020731136292363074 0.00021307849047153603 0.00021445349127788044 0.0002114957783079683 0.00020438064685248232 0.00019339064721304153 0.00017890186615363116 0.00016136604642661613 0.00014128972985359486 0.00011921176495694628 9.568056540782549e-05 7.123244200546315e-05 4.6372170287964626e-05 2.1556718457326277e-05 0.0 0.0 0.0 0.0 0.0 0.0 0.0 0.0 0.0 0.0 0.0 0.0 0.0 0.0 0.0 0.0 0.0 0.0 0.0 0.0 0.0 0.0 0.0 0.0 0.0 0.0 0.0 0.0 0.0 0.0 0.0 0.0 0.0 0.0 0.0 0.0 0.0 0.0 0.0 0.0 0.0 0.0 0.0 0.0 0.0 0.0 0.0 0.0 0.0 0.0 0.0 0.0 0.0 0.0 0.0 0.0 0.0
0.0 0.0 0.0 0.0 0.0 0.0 0.0 0.0 0.0 0.0 0.0 0.0 0.0 0.0 0.0 0.0 0.0 0.0 0.0 0.0 2.4299197824184383e-06 3.422423234915164e-05 6.510162106264352e-05 9.452577512366296e-05 0.00012194828086105532 0.0001468302897524412 0.00016866525997622246 0.00018700144878003454 0.0002014627693998912 0.00021176667153417438 0.00021773785989220108 0.00021931692150866687 0.0002165632693488762 0.00020965219870351163 0.00019886625987419222 0.0001845815396249033 0.0001672497807080097 0.00014737752494510984 0.00012550362085858265 0.00010217648211958329 7.793241952734236e-05 5.327620861996526e-05 2.866481759944832e-05 4.494932115846353e-06 0.0 0.0 0.0 0.0 0.0 0.0 0.0 0.0 0.0 0.0 0.0 0.0 0.0 0.0 0.0 0.0 0.0 0.0 0.0 0.0 0.0 0.0 0.0 0.0 0.0 0.0 0.0 0.0 0.0 0.0 0.0 0.0 0.0 0.0 0.0 0.0 0.0 0.0 0.0 0.0 0.0 0.0 0.0 0.0 0.0 0.0 0.0 0.0 0.0 0.0 0.0 0.0 0.0 0.0 0.0 0.0
0.0 0.0 0.0 0.0 0.0 0.0 0.0 0.0 0.0 0.0 0.0 0.0 0.0 0.0 0.0 0.0 0.0 0.0 0.0 0.0 4.7223326047097626e-06 3.672070598156438e-05 6.780215550517768e-05 9.743037037631853e-05 0.00012505693692383232 0.00015014300662533962 0.00017218203765924226 0.0001907222872731758 0.00020538766870315385 0.00021589563164755847 0.00022207088081570658 0.0002238540032422938 0.00022130441189262452 0.00021459740205738136 0.0002040155240381834 0.00018993486459901584 0.00017280716649224368 0.00015313897153946523 0.0001314691282630595 0.00010834605033418152 8.430604855206202e-05 5.985389845480632e-05 3.54465682444108e-05 1.1480743570930248e-05 0.0 0.0 0.0 0.0 0.0 0.0 0.0 0.0 0.0 0.0 0.0 0.0 0.0 0.0 0.0 0.0 0.0 0.0 0.0 0.0 0.0 0.0 0.0 0.0 0.0 0.0 0.0 0.0 0.0 0.0 0.0 0.0 0.0 0.0 0.0 0.0 0.0 0.0 0.0 0.0 0.0 0.0 0.0 0.0 0.0 0.0 0.0 0.0 0.0 0.0 0.0 0.0 0.0 0.0 0.0 0.0
0.0 0.0 0.0 0.0 0.0 0.0 0.0 0.0 0.0 0.0 0.0 0.0 0.0 0.0 0.0 0.0 0.0 0.0 0.0 0.0 6.77308289079509e-06 3.897551707777112e-05 7.026102741150583e-05 0.00010009330309276812 0.0001279239304504033 0.000153214060962032 0.0001754571528060561 0.00019420146323011103 0.0002090709054702105 0.00021978292922473654 0.00022616223920300608 0.0002281494224397147 0.00022580389190016685 0.0002193009428750451 0.00020892312566596854 0.0001950465270369224 0.00017812288974027165 0.00015865875559761464 0.0001371929731313303 0.00011427395601257376 9.043801504057567e-05 6.61899257534414e-05 4.1986656353167286e-05 1.8224892489808152e-05 0.0 0.0 0.0 0.0 0.0 0.0 0.0 0.0 0.0 0.0 0.0 0.0 0.0 0.0 0.0 0.0 0.0 0.0 0.0 0.0 0.0 0.0 0.0 0.0 0.0 0.0 0.0 0.0 0.0 0.0 0.0 0.0 0.0 0.0 0.0 0.0 0.0 0.0 0.0 0.0 0.0 0.0 0.0 0.0 0.0 0.0 0.0 0.0 0.0 0.0 0.0 0.0 0.0 0.0 0.0 0.0
0.0 0.0 0.0 0.0 0.0 0.0 0.0 0.0 0.0 0.0 0.0 0.0 0.0 0.0 0.0 0.0 0.0 0.0 0.0 0.0 8.739388165228754e-06 4.11458831623262e-05 7.263545430618233e-05 0.00010267179079756603 0.00013070647896532264 0.00015620067028707276 0.00017864782294121825 0.00019759619417539462 0.00021266969722561548 0.00022358578179026295 0.00023016915257865388 0.00023236039662548395 0.0002302189268960575 0.00022392003868105717 0.00021374628228210203 0.00020007374446317732 0.00018335416797664797 0.00016409409464411236 0.00014283237298794946 0.00012011741667931432 9.648553651743766e-05 7.244150804042479e-05 4.84422994502721e-05 2.4884596397034386e-05 2.096450063162022e-06 0.0 0.0 0.0 0.0 0.0 0.0 0.0 0.0 0.0 0.0 0.0 0.0 0.0 0.0 0.0 0.0 0.0 0.0 0.0 0.0 0.0 0.0 0.0 0.0 0.0 0.0 0.0 0.0 0.0 0.0 0.0 0.0 0.0 0.0 0.0 0.0 0.0 0.0 0.0 0.0 0.0 0.0 0.0 0.0 0.0 0.0 0.0 0.0 0.0 0.0 0.0 0.0 0.0 0.0 0.0
0.0 0.0 0.0 0.0 0.0 0.0 0.0 0.0 0.0 0.0 0.0 0.0 0.0 0.0 0.0 0.0 0.0 0.0 0.0 0.0 1.0898296287493656e-05 4.350885209471252e-05 7.520248404869006e-05 0.00010544288135019518 0.0001336816303280732 0.00015937988245994474 0.00018203109592421167 0.00020118352796850945 0.00021646109182885172 0.00022758123720362057 0.00023436866880213297 0.00023676397365908443 0.0002348265647397794 0.0002287317373349005 0.00021876204174606676 0.00020529356473726346 0.00018877804906085554 0.00016972203653844135 0.00014866437569239984 0.00012615348019388614 0.00010272566084213087 7.888569317523944e-05 5.5090545395208165e-05 3.1736903152091866e-05 9.152817628340915e-06 0.0 0.0 0.0 0.0 0.0 0.0 0.0 0.0 0.0 0.0 0.0 0.0 0.0 0.0 0.0 0.0 0.0 0.0 0.0 0.0 0.0 0.0 0.0 0.0 0.0 0.0 0.0 0.0 0.0 0.0 0.0 0.0 0.0 0.0 0.0 0.0 0.0 0.0 0.0 0.0 0.0 0.0 0.0 0.0 0.0 0.0 0.0 0.0 0.0 0.0 0.0 0.0 0.0 0.0 0.0
0.0 0.0 0.0 0.0 0.0 0.0 0.0 0.0 0.0 0.0 0.0 0.0 0.0 0.0 0.0 0.0 0.0 0.0 0.0 0.0 1.371218637878087e-05 4.652680299612115e-05 7.84244957602201e-05 0.00010886895387184664 0.00013731176365984607 0.00016321407660183903 0.00018606935087622738 0.00020542584373064657 0.00022090746840111027 0.00023223167458600056 0.00023922316699463434 0.0002418225326617072 0.0002400891845525236 0.0002341984179577661 0.0002244327831790538 0.00021116836698037192 0.0001948569121140854 0.00017600496040179263 0.00015515136036587255 0.00013284452567748027 0.00010962076713584641 8.598486027907638e-05 6.239377330916654e-05 3.924419187617165e-05 1.686416716254212e-05 0.0 0.0 0.0 0.0 0.0 0.0 0.0 0.0 0.0 0.0 0.0 0.0 0.0 0.0 0.0 0.0 0.0 0.0 0.0 0.0 0.0 0.0 0.0 0.0 0.0 0.0 0.0 0.0 0.0 0.0 0.0 0.0 0.0 0.0 0.0 0.0 0.0 0.0 0.0 0.0 0.0 0.0 0.0 0.0 0.0 0.0 0.0 0.0 0.0 0.0 0.0 0.0 0.0 0.0 0.0
0.0 0.0 0.0 0.0 0.0 0.0 0.0 0.0 0.0 0.0 0.0 0.0 0.0 0.0 0.0 0.0 0.0 0.0 0.0 0.0 1.7909737204787884e-05 5.092841463224958e-05 8.303016820646995e-05 0.0001136786871282179 0.00014232555772633875 0.00016843193147845313 0.00019149126656296285 0.00021105182022750348 0.00022673750570808863 0.00023826577270310033 0.0002454613259218555 0.0002482647523990498 0.0002467354650999876 0.00024104875931535153 0.00023148718534676062 0.00021842682995820017 0.00020231943590203507 0.0001836715449998637 0.00016302200577406506 0.00014091923189579416 0.00011789953416428175 9.446768811763313e-05 7.108066195784469e-05 4.813514133497123e-05 2.5959177431463114e-05 4.807980946662445e-06 0.0 0.0 0.0 0.0 0.0 0.0 0.0 0.0 0.0 0.0 0.0 0.0 0.0 0.0 0.0 0.0 0.0 0.0 0.0 0.0 0.0 0.0 0.0 0.0 0.0 0.0 0.0 0.0 0.0 0.0 0.0 0.0 0.0 0.0 0.0 0.0 0.0 0.0 0.0 0.0 0.0 0.0 0.0 0.0 0.0 0.0 0.0 0.0 0.0 0.0 0.0 0.0 0.0 0.0
0.0 0.0 0.0 0.0 0.0 0.0 0.0 0.0 0.0 0.0 0.0 0.0 0.0 0.0 0.0 0.0 0.0 0.0 0.0 0.0 2.4570852331689734e-05 5.779359056927285e-05 9.009940495361463e-05 0.000120951984685484 0.00014980291609372628 0.00017611335065596207 0.0001993767465505932 0.00021914136102525524 0.0002350311073159618 0.0002467634351210949 0.0002541630491499715 0.0002571705364372872 0.0002558453099483465 0.0002503626649738318 0.0002410051518153623 0.00022814885723692328 0.0002122455239908796 0.00019380169389882965 0.0001733562154831524 0.00015145750241500294 0.00012864186549361192 0.00010541408025708474 8.223111490741771e-05 5.948965509466565e-05 3.7517752001278956e-05 1.6570616326599703e-05 0.0 0.0 0.0 0.0 0.0 0.0 0.0 0.0 0.0 0.0 0.0 0.0 0.0 0.0 0.0 0.0 0.0 0.0 0.0 0.0 0.0 0.0 0.0 0.0 0.0 0.0 0.0 0.0 0.0 0.0 0.0 0.0 0.0 0.0 0.0 0.0 0.0 0.0 0.0 0.0 0.0 0.0 0.0 0.0 0.0 0.0 0.0 0.0 0.0 0.0 0.0 0.0 0.0 0.0
0.0 0.0 0.0 0.0 0.0 0.0 0.0 0.0 0.0 0.0 0.0 0.0 0.0 0.0 0.0 0.0 0.0 0.0 0.0 1.352727434835166e-06 3.519167479767611e-05 6.861847384538064e-05 0.00010112834903984386 0.00013218498958183461 0.00016123998180019833 0.00018775447717255553 0.00021122193387730807 0.00023119060916209152 0.0002472844162629195 0.000259220804878174 0.00026682447971717205 0.00027003602781460915 0.0002689148621357898 0.0002636362779713966 0.00025448282562304855 0.00024183059185473087 0.00022613131941880862 0.0002078915501368801 0.00018765013253132425 0.0001659554802732962 0.00014334390416202665 0.00012032017973562084 9.734127519607524e-05 7.48038761934446e-05 5.3036033910179317e-05 3.2292959045621484e-05 1.2756711575409447e-05 0.0 0.0 0.0 0.0 0.0 0.0 0.0 0.0 0.0 0.0 0.0 0.0 0.0 0.0 0.0 0.0 0.0 0.0 0.0 0.0 0.0 0.0 0.0 0.0 0.0 0.0 0.0 0.0 0.0 0.0 0.0 0.0 0.0 0.0 0.0 0.0 0.0 0.0 0.0 0.0 0.0 0.0 0.0 0.0 0.0 0.0 0.0 0.0 0.0 0.0 0.0 0.0 0.0
0.0 0.0 0.0 0.0 0.0 0.0 0.0 0.0 0.0 0.0 0.0 0.0 0.0 0.0 0.0 0.0 0.0 0.0 0.0 1.764945429136066e-05 5.169246246432302e-05 8.532332232214896e-05 0.00011803725832673359 0.00014929795967884578 0.00017855701270733088 0.00020527556888980952 0.0002289470864046835 0.00024911982249958836 0.00026541769041053776 0.0002775581398359137 0.0002853658754850331 0.0002887814843925917 0.0002878643795238937 0.0002827898561696219 0.0002738404646313953 0.00026139229167319904 0.0002458970800473982 0.0002278613715755911 0.00020782401478015665 0.00018633342333225004 0.00016392590803110185 0.00014110624441481751 0.0001183314006853933 9.599806249288409e-05 7.443428101974022e-05 5.389526696530379e-05 3.456308030521318e-05 1.6549743375273678e-05 0.0 0.0 0.0 0.0 0.0 0.0 0.0 0.0 0.0 0.0 0.0 0.0 0.0 0.0 0.0 0.0 0.0 0.0 0.0 0.0 0.0 0.0 0.0 0.0 0.0 0.0 0.0 0.0 0.0 0.0 0.0 0.0 0.0 0.0 0.0 0.0 0.0 0.0 0.0 0.0 0.0 0.0 0.0 0.0 0.0 0.0 0.0 0.0 0.0 0.0 0.0 0.0
0.0 0.0 0.0 0.0 0.0 0.0 0.0 0.0 0.0 0.0 0.0 0.0 0.0 0.0 0.0 0.0 0.0 0.0 7.872813411882223e-06 4.2075062508105604e-05 7.632213149118939e-05 0.00011015705215913673 0.00014307504897384277 0.0001745398111360764 0.00020400292497468292 0.00023092554196728294 0.00025480112029227834 0.00027517791719730464 0.0002916798459183754 0.0003040243561538728 0.0003120361526131137 0.0003156558223307936 0.00031494277827221704 0.0003100723157280666 0.0003013269849999614 0.00028908287285188666 0.0002737917220362072 0.0002559600743745215 0.0002361267783892085 0.0002148402477514233 0.00019263679326039654 0.0001700211904542336 0.00014745040753493083 0.000125321130152543 0.00010396140948952057 8.362645624520556e-05 6.449833039523635e-05 4.668905427541827e-05 3.0246516992069565e-05 1.5162446443371153e-05 1.3816995156373246e-06 0.0 0.0 0.0 0.0 0.0 0.0 0.0 0.0 0.0 0.0 0.0 0.0 0.0 0.0 0.0 0.0 0.0 0.0 0.0 0.0 0.0 0.0 0.0 0.0 0.0 0.0 0.0 0.0 0.0 0.0 0.0 0.0 0.0 0.0 0.0 0.0 0.0 0.0 0.0 0.0 0.0 0.0 0.0 0.0 0.0 0.0 0.0 0.0 0.0
0.0 0.0 0.0 0.0 0.0 0.0 0.0 0.0 0.0 0.0 0.0 0.0 0.0 0.0 0.0 0.0 0.0 8.594057059968969e-06 4.255886142939902e-05 7.696517133574382e-05 0.00011141630112894901 0.0001454552826070178 0.00017857734023184524 0.00021024616320420024 0.00023991333785292822 0.00026704001565564965 0.0002911196547907665 0.00031170051250591416 0.0003284065020371064 0.00034095507308272514 0.00034917093035208746 0.0003529946608798888 0.0003524856776314337 0.00034781927589740467 0.0003392780059794209 0.00032723795464146746 0.0003121508646359095 0.0002945232777843452 0.00027489404260915365 0.0002538115727814899 0.00023181217910058448 0.00020940063710454297 0.0001870339149953616 0.00016510869842309523 0.00014395303857019418 0.0001238221461360006 0.0001048980810961528 8.729286578645614e-05 7.105438931322886e-05 5.617437957465185e-05 4.259769345703944e-05 3.0232208462396994e-05 1.8958678394527772e-05 8.640027704094041e-06 0.0 0.0 0.0 0.0 0.0 0.0 0.0 0.0 0.0 0.0 0.0 0.0 0.0 0.0 0.0 0.0 0.0 0.0 0.0 0.0 0.0 0.0 0.0 0.0 0.0 0.0 0.0 0.0 0.0 0.0 0.0 0.0 0.0 0.0 0.0 0.0 0.0 0.0 0.0 0.0 0.0 0.0 0.0 0.0 0.0 0.0
0.0 0.0 0.0 0.0 0.0 0.0 0.0 0.0 0.0 0.0 0.0 0.0 0.0 0.0 0.0 0.0 2.215425042843465e-05 5.5553558888620755e-05 8.972242406817221e-05 0.00012433279478463844 0.00015898798538796505 0.00019323102767615524 0.00022655714611110412 0.00025843002989358053 0.0002883012653524299 0.0003156320039652728 0.00033991570391051103 0.0003607006224357801 0.00037761067277709376 0.0003903633046328339 0.00039878322271231766 0.00040281101405024045 0.00040250609161190677 0.0003980437506879991 0.0003897065415801367 0.0003778705510523048 0.00036298752185686816 0.00034556399581542536 0.0003261388214503552 0.00030526041243281274 0.0002834650795620289 0.00026125759837610874 0.0002390949370770488 0.00021737378131490381 0.0001964221822721242 0.00017649535064805203 0.00015777534641832567 0.00014037419191875042 0.00012433977625564454 0.00010966382732718896 9.629120201969796e-05 8.412977783517693e-05 7.306030857742912e-05 6.294571869711681e-05 5.3639440827476443e-05 4.499253525806242e-05 3.685945705464615e-05 2.91024475577992e-05 2.159461653927537e-05 1.4221846857370934e-05 6.8836951566499865e-06 0.0 0.0 0.0 0.0 0.0 0.0 0.0 0.0 0.0 0.0 0.0 0.0 0.0 0.0 0.0 0.0 0.0 0.0 0.0 0.0 0.0 0.0 0.0 0.0 0.0 0.0 0.0 0.0 0.0 0.0 0.0 0.0 0.0 0.0 0.0 0.0 0.0 0.0 0.0
0.0 0.0 0.0 0.0 0.0 0.0 0.0 0.0 0.0 0.0 0.0 0.0 0.0 0.0 1.857416269957862e-05 4.9945937156832684e-05 8.252453900843254e-05 0.00011612790827874007 0.00015050083426841295 0.00018531526579500056 0.0002201745172084486 0.00025462162030676024 0.0002881517995518305 0.00032022874414442835 0.00035030404041339915 0.0003778388398363634 0.0004023266005917231 0.0004233155799271136 0.0004404296910785486 0.0004533863837444103 0.0004620103626340153 0.00046624221478205956 0.0004661413531538473 0.00046188307304006115 0.00045374992474232014 0.0004421179950246096 0.0004274390266392944 0.0004102195614079729 0.00039099844785302424 0.00037032409964560324 0.0003487328275849407 0.00032672940720914205 0.0003047708067202035 0.00028325371176818 0.00026250617353552175 0.000242783402721571 0.00022426745930196603 0.00020707036561251222 0.00019124001075952775 0.00017676812264119359 0.00016359955814382402 0.0001516421947694244 0.000140776786321798 0.0001308662572516071 0.00012176404019208815 0.00011332119543279555 0.0001053921780395007 9.783922935277517e-05 9.053545914437275e-05 8.336675027258973e-05 7.62326593819902e-05 6.904650720919503e-05 6.173485392766702e-05 5.423654294849028e-05 4.650147508945768e-05 3.848924812263799e-05 3.016776789212091e-05 2.151190916774269e-05 1.2502279063184185e-05 3.124114333142164e-06 0.0 0.0 0.0 0.0 0.0 0.0 0.0 0.0 0.0 0.0 0.0 0.0 0.0 0.0 0.0 0.0 0.0 0.0 0.0 0.0 0.0 0.0 0.0 0.0 0.0 0.0 0.0 0.0 0.0 0.0
0.0 0.0 0.0 0.0 0.0 0.0 0.0 0.0 0.0 0.0 0.0 5.121104990462255e-06 3.26528849565675e-05 6.154313165732247e-05 9.180011719454694e-05 0.0001233759524619224 0.0001561586151236437 0.00018996604520407263 0.00022454303200386693 0.00025956152434057595 0.0002946248365641454 0.00032927600047257845 0.00036301024052777015 0.00039529124593048944 0.0004255706030095816 0.0004533094632426673 0.00047800128480814834 0.0004991943249536603 0.0005165124969152168 0.0005296732503911998 0.0005385012900909263 0.000542937203049092 0.0005430404022310012 0.0005389861829273363 0.0005310570954397168 0.0005196292265321277 0.0005051543189569338 0.0004881389145357338 0.00046912186179090646 0.000448651574393607 0.00042726436314306586 0.0004054650035773886 0.0003837104638985715 0.00036239742975666936 0.0003418539523341326 0.0003223352423303032 0.0003040233597208197 0.0002870303268414873 0.00027140403279862416 0.00025713620549041146 0.00024417170180316333 0.0002324183992388851 0.00022175705160138012 0.00021205058334131064 0.00020315242709191311 0.00019491364314274193 0.0001871886865595685 0.00017983979868296435 0.00017274008928468338 0.00016577544122302177 0.00015884541114254364 0.0001518633197798699 0.0001447557273084633 0.00013746147713940797 0.0001299304700904968 0.00012212230393379852 0.00011400488451340284 0.00010555308659914605 9.674751730470897e-05 8.757341338478835e-05 7.801968652405463e-05 6.807811782637924e-05 5.774269374220618e-05 4.700907006109331e-05 3.587414767915832e-05 2.4335742958126238e-05 1.239233601215134e-05 4.2881671407465905e-08 0.0 0.0 0.0 0.0 0.0 0.0 0.0 0.0 0.0 0.0 0.0 0.0 0.0 0.0 0.0 0.0 0.0 0.0 0.0 0.0 0.0 0.0
0.0 0.0 0.0 0.0 0.0 0.0 0.0 0.0 1.2847477924109451e-05 3.6976839029627784e-05 6.219815506191921e-05 8.863067221718086e-05 0.0001163665129934075 0.00014546082050428388 0.00017592186685162978 0.0002077017629291267 0.00024068848640096936 0.00027469997729151973 0.0003094810249014354 0.0003447035780482659 0.0003799709510819567 0.00041482617580051117 0.0004487644766658243 0.000481249542878665 0.0005117329607678785 0.0005396758818110857 0.0005645717641866881 0.0005859688651423216 0.0006034910979139994 0.0006168559122001038 0.0006258880127099519 0.0006305279864782388 0.0006308352464702695 0.000626985087976726 0.0006192600612992279 0.0006080362532017603 0.0005937654064366878 0.0005769540628256093 0.0005581410708909033 0.0005378748443037253 0.0005166916938633055 0.0004950963951077497 0.00047354591623905394 0.0004524369429072733 0.0004320975262948579 0.00041278287710114995 0.0003946750553017878 0.00037788608323257683 0.0003624638499998352 0.00034840008350174383 0.0003356396406246171 0.00032409039887046034 0.00031363311204307676 0.00030413070459312875 0.0002954366091538526 0.0002874018860148028 0.0002798809902417508 0.0002727361631752681 0.0002658405145871085 0.00025907992733556836 0.00025235395806521167 0.0002455759275126593 0.0002386723958513741 0.0002315822064924402 0.00022425526025365044 0.0002166511549070736 0.00020873779629679935 0.00020049005919266393 0.00019188855070834828 0.00018291850759854912 0.00017356884154793678 0.0001638313336603828 0.00015369997038633116 0.00014317040751533972 0.00013223954594352612 0.00012090520203261547 0.00010916585589676198 9.702046236613953e-05 8.446831127024194e-05 7.15089257526954e-05 5.814198936231496e-05 4.436729453072105e-05 3.018470667535797e-05 1.5594139533292083e-05 5.955384407476394e-07 0.0 0.0 0.0 0.0 0.0 0.0 0.0 0.0 0.0 0.0 0.0 0.0 0.0 0.0 0.0
0.0 0.0 0.0 0.0 1.2732239322794381e-05 3.4129270184102804e-05 5.604012841140876e-05 7.861035893894139e-05 0.00010198890147714577 0.00012632232339278548 0.00015174770023519834 0.0001783842782005814 0.00020632417978692946 0.00023562254810792727 0.00026628765526539455 0.0002982716121530129 0.000331462396434977 0.00036567794813564873 0.0004006630565556859 0.00043608967051263773 0.00047156110435645003 0.000506620389885126 0.0005407627515605604 0.0005734518785835226 0.0006041393572828576 0.0006322863391361861 0.00065738628232191 0.0006789874440876648 0.0006967137376694641 0.00071028261276569 0.0007195187740856592 0.0007243628086640678 0.0007248741294662197 0.0007212280317827978 0.000713707065915421 0.0007026873186280748 0.0006886205326731238 0.0006720132498721666 0.000653404318747582 0.0006333421529705254 0.0006123630633402272 0.0005909718253947927 0.0005696254073362184 0.0005487204948145591 0.0005285851390122652 0.0005094745506286786 0.0004915707896394379 0.00047498587838034836 0.0004597677059577281 0.00044590800026975824 0.0004333516182027529 0.0004220064372587175 0.00041175321124145537 0.0004024548646016287 0.00039396482997247406 0.0003861341676435457 0.0003788173326806151 0.0003718765664242538 0.0003651849786462156 0.0003586284522047968 0.00035210654374456156 0.00034553257400213067 0.00033883310315096685 0.00033194697460215436 0.00032482408917348607 0.00031742404463703063 0.00030971474683687776 0.0003016710705428638 0.00029327362286866955 0.00028450764056899176 0.0002753620353285009 0.0002658285882510683 0.0002559012857871381 0.000245575783726268 0.0002348489829645759 0.00022371869986378664 0.00021218341453805456 0.00020024208181755354 0.00018789399153177738 0.00017513866682435225 0.00016197579124409322 0.00014840515722262072 0.00013442663017737907 0.00012004012384543458 0.00010524558356301155 9.004297508136557e-05 7.443227718335737e-05 5.841347687173146e-05 4.1986566273074785e-05 2.5151540670635853e-05 7.908397269860672e-06 0.0 0.0 0.0 0.0 0.0 0.0 0.0 0.0 0.0
1.667379965787e-05 3.74799648266044e-05 5.832074797652231e-05 7.929659246305959e-05 0.00010052161542792002 0.00012212270709934986 0.00014423762613677724 0.00016701191747443128 0.00019059452082275706 0.0002151320035485182 0.00024076144120105248 0.00026760207997655693 0.0002957460423730264 0.00032524847150414566 0.00035611763947173433 0.0003883056571694741 0.00042170050226155966 0.0004561201147723528 0.0004913092840025114 0.0005269399587695847 0.0005626154534235184 0.0005978787997623157 0.0006322252222478716 0.0006651184100809551 0.0006960099495904115 0.0007243609922538614 0.0007496649962497067 0.000771470218825583 0.0007894005732175036 0.000803173509123851 0.0008126137312539417 0.0008176618266424715 0.0008183772082547451 0.0008149351713814444 0.0008076182663241892 0.0007968025798469643 0.0007829398547021348 0.000766536632711299 0.0007481317623968358 0.0007282736574299005 0.0007074986286097238 0.0006863114514744108 0.0006651690942259578 0.0006444682425144199 0.0006245369475222474 0.0006056304199487824 0.000587930719769663 0.0005715498693206948 0.000556535757708196 0.0005428801128303475 0.0005305277915734636 0.0005193866714395497 0.0005093375062324091 0.0005002432204027037 0.0004919572465836705 0.00048433064506486355 0.0004772178709120544 0.00047048116546581447 0.00046399363849789773 0.0004576411728666004 0.0004513233252164865 0.000444953416284177 0.00043845800624313467 0.00043177593850444356 0.00042485711388589665 0.00041766113015956265 0.0004101558931695312 0.00040231627768563865 0.0003941228908215658 0.0003855609693320095 0.00037661942490164 0.00036729003863432885 0.00035756679698052 0.0003474453557297714 0.00033692261577820064 0.00032599639348753287 0.0003146651689719222 0.00030292789706154254 0.0002907838675858878 0.0002782326036885841 0.0002652737889184465 0.0002519072157070954 0.00023813274947197515 0.00022395030395015213 0.0002093598244778505 0.00019436127680632593 0.00017895463971843913 0.00016313990021693463 0.0001469170504283994 0.00013028608563608185 0.00011324700304542812 9.579980101890226e-05 7.794447860743961e-05 5.968103526698146e-05 4.100947068902769e-05 2.192978470054105e-05 2.441977205511814e-06 0.0 0.0 0.0
9.486325467822224e-05 0.00011587348065707806 0.00013691832461711737 0.00015809822991377608 0.0001795273136887579 0.00020133246617030917 0.00022365144601785796 0.0002466297981656334 0.0002704164623240806 0.00029515800585996324 0.0003209915043226189 0.00034803620390824475 0.0003763842271148357 0.0004060907170560763 0.0004371639458337864 0.00046955602434164756 0.0005031549302438545 0.0005377786035647692 0.0005731718336050491 0.0006090065691822437 0.0006448861246462989 0.0006803535317952176 0.0007149040150908949 0.0007480012637341 0.0007790968640536777 0.0008076519675272491 0.0008331600323332157 0.0008551693157192134 0.0008733037309212556 0.0008872807276377242 0.0008969250105779366 0.0009021771667765878 0.0009030966091989825 0.0008998586331358035 0.0008927457888886695 0.0008821341632215662 0.0008684754988868579 0.0008522763377061437 0.0008340755282018019 0.0008144214840449881 0.0007938505160349326 0.0007728673997097411 0.0007519291032714096 0.0007314323123699931 0.0007117050781879419 0.0006930026114245983 0.0006755069720556004 0.0006593301824167536 0.0006445201316143763 0.0006310685475466492 0.0006189202870998866 0.0006079832277760942 0.0005981381233790749 0.0005892478983594911 0.0005811659853505791 0.0005737434446418937 0.0005668347312992059 0.0005603020866630874 0.0005540186205052922 0.0005478702156841162 0.0005417564288441236 0.0005355905807219357 0.0005292992314910146 0.0005228212245624451 0.0005161064607540196 0.0005091145378378069 0.0005018133616578969 0.0004941778069841257 0.00048618848093017435 0.00047783062025073944 0.00046909313663049133 0.0004599678111733016 0.00045044863032961424 0.000440531249888987 0.00043021257074753774 0.0004194904092669913 0.00040836324556150203 0.0003968300344612439 0.0003848900657957105 0.0003725428627085282 0.00035978810874851203 0.00034662559634728236 0.00033305519092228353 0.00031907680621058186 0.0003046903875484017 0.00028989590068699854 0.00027469332440923315 0.0002590826457178501 0.00024306385673943624 0.00022663695275724013 0.0002098019309767078 0.0001925587897603034 0.00017490752815896212 0.00015684814562862538 0.00013838064186079304 0.00011950501668242783 0.00010022126999751999 8.052940175337181e-05 6.04294119213688e-05 3.99213004861394e-05
0.0001556695626407449 0.00017688384942972217 0.0001981327541998829 0.000219516720306663 0.00024114986489176627 0.0002631590781834389 0.00028568211884110915 0.00030886453179900604 0.00033285525676757466 0.00035780086111357863 0.0003838384203863557 0.000411087180782103 0.00043963926479881533 0.0004695498155501774 0.0005008271051380089 0.0005334232444559915 0.0005672262111683198 0.0006020539452993559 0.0006376512361497572 0.0006736900325370734 0.0007097736488112499 0.00074544511677029 0.0007801996608760889 0.0008135009703294151 0.0008448006314591144 0.0008735597957428071 0.0008992719213588953 0.0009214852655550143 0.0009398237415671779 0.000954004799093768 0.0009638531428441016 0.0009693093598528744 0.0009704328630853906 0.0009673989478323329 0.0009604901643953204 0.0009500825995383383 0.0009366279960137517 0.0009206328956431586 0.0009026361469489384 0.000883186163602246 0.000862819256402312 0.0008420402008872417 0.0008213059652590318 0.0008010132351677367 0.0007814900617958069 0.0007629916558425846 0.0007457000772837083 0.0007297273484549829 0.0007151213584627269 0.0007018738352051212 0.0006899296355684802 0.000679196637054809 0.0006695555934679112 0.0006608694292584488 0.0006529915770596584 0.0006457730971610943 0.0006390684446285278 0.0006327398608025308 0.0006266604554548569 0.0006207161114438024 0.0006148063854139314 0.0006088445981018647 0.0006027573096810652 0.0005964833635626168 0.0005899726605643129 0.0005831847984582217 0.000576087683088433 0.0005686561892247834 0.0005608709239809533 0.0005527171241116398 0.0005441837013015131 0.0005352624366544448 0.000525947316620879 0.0005162339969903731 0.0005061193786590452 0.0004956012779886202 0.00048467817509325234 0.0004733490248031156 0.0004616131169477037 0.0004494699746706428 0.000436919281520748 0.00042396082992963974 0.00041059448531476236 0.0003968201614131821 0.0003826378035611233 0.0003680473775098416 0.0003530488620421977 0.00033764224416093597 0.0003218275159926436 0.00030560467282056885 0.00028897371185015796 0.00027193463144387493 0.0002544874306526551 0.00023663210893243978 0.00021836866597472885 0.00019969710160648504 0.00018061741573169863 0.00016112960829767184 0.0001412336792757903 0.0001209296286506823
0.0001915217815042429 0.00021294012910334157 0.0002343930946836237 0.00025598112160052524 0.0002778183269957499 0.000300031601097544 0.00032275870256533564 0.00034614517633335397 0.00037033996211204397 0.0003954896272681694 0.00042173124735106786 0.0004491840685569366 0.00047794021338377034 0.0005080548249452538 0.0005395361753432067 0.0005723363754713106 0.0006063434029937604 0.0006413751979349179 0.0006771765495954407 0.0007134194067928783 0.0007497070838771762 0.0007855826126463377 0.000820541217562258 0.0008540465878257058 0.0008855503097655264 0.0009145135348593406 0.0009404297212855502 0.0009628471262917906 0.0009813896631140754 0.000995774781450787 0.001005827186011242 0.0010114874638301363 0.001012815027872774 0.0010099851734298375 0.0010032804508029465 0.000993076946756086 0.0009798264040416205 0.0009640353644811492 0.0009462426765970502 0.0009269967540604792 0.0009068339076706666 0.0008862589129657178 0.0008657287381476291 0.0008456400688664555 0.0008263209563046473 0.0008080266111615464 0.0007909390934127913 0.0007751704253941875 0.0007607684962120529 0.0007477250337645687 0.000735984894938049 0.0007254559572344993 0.0007160189744577228 0.0007075368710583818 0.0006998630796697129 0.0006928486605812702 0.0006863480688588251 0.0006802235458429495 0.0006743482013053971 0.000668607918104464 0.0006629022528847144 0.0006571445263827691 0.0006512612987720909 0.0006451914134637641 0.0006388847712755814 0.0006323009699796117 0.0006254079154199445 0.0006181804823664162 0.0006105992779327076 0.0006026495388735155 0.0005943201768735103 0.0005856029730365634 0.0005764919138131189 0.0005669826549927345 0.000557072097471528 0.0005467580576112243 0.000536039015525978 0.0005249139260459626 0.0005133820790006722 0.0005014429975337326 0.0004890963651939592 0.00047634197441297243 0.0004631796906082165 0.00044960942751675763 0.00043563113047482026 0.00042124476523365995 0.00040645031057613744 0.00039124775350499717 0.00037563708614682617 0.00035961830378487293 0.00034319140362458337 0.00032635638402842183 0.0003091132440473234 0.00029146198313722947 0.00027340260098963995 0.0002549350974315175 0.00023605947236685258 0.0002167757257429472 0.00019708385753118703 0.0001769838677162005
0.00019721994425518646 0.0002188423526644065 0.00024049937905481008 0.000262291466781833 0.0002843327329871791 0.00030675006789909466 0.0003296812301770077 0.0003532717647551474 0.00037767061134395884 0.00040302433731020563 0.0004294700182032256 0.0004571269002192157 0.0004860871058561709 0.0005164057782277758 0.0005480911894358502 0.0005810954503740755 0.0006153065387066466 0.0006505423944579256 0.0006865478069285698 0.0007229947249361287 0.0007594864628305481 0.0007955660524098311 0.0008307287181358727 0.0008644381492094418 0.0008961459319593839 0.0009253132178633196 0.0009514334650996504 0.0009740549309160123 0.0009928015285484185 0.0010073907076952515 0.0010176471730658282 0.0010235115116948434 0.0010250431365476027 0.0010224173429147878 0.0010159166810980182 0.001005917237861279 0.0009928707559569354 0.000977283777206585 0.0009596951501326076 0.0009406532884061581 0.0009206945028264668 0.0009003235689316395 0.0008799974549236722 0.00086011284645262 0.0008409977947009332 0.0008229075103679537 0.00080602405342932 0.0007904594462208375 0.0007762615778488244 0.0007634221762114616 0.0007518860981950633 0.0007415612213016351 0.00073232829933498 0.0007240502567457603 0.0007165805261672127 0.0007097701678888916 0.0007034736369765681 0.0006975531747708138 0.0006918818910433827 0.0006863456686525711 0.0006808440642429429 0.0006752903985511189 0.0006696112317505624 0.0006637454072523568 0.0006576428258742957 0.0006512630853884472 0.0006445740916389015 0.0006375507193954946 0.0006301735757719075 0.0006224278975228368 0.0006143025963329529 0.0006057894533061275 0.0005968824548928044 0.0005875772568825413 0.0005778707601714563 0.0005677607811212742 0.0005572457998461491 0.0005463247711762552 0.0005349969849410861 0.0005232619642842681 0.0005111193927546161 0.0004985690627837507 0.0004856108397891161 0.00047224463750777874 0.00045847040127596275 0.0004442880968449239 0.00042969770299752276 0.000414699206736504 0.00039929260018845437 0.00038347787863662246 0.00036725503928645444 0.00035062408050041423 0.0003335850013294372 0.00031613780122946475 0.0002982824798919966 0.0002800190371439957 0.00026134747288945203 0.00024226778707566813 0.0002227799796740294 0.00020288405066916422
0.00017091163968198004 0.00019273810890132152 0.0002145991961018465 0.00023659534463899088 0.0002588406716544583 0.00028146206737649523 0.00030459729046452975 0.0003283918858527909 0.0003529947932517237 0.000378552580028092 0.0004052023217312333 0.0004330632645573449 0.00046222753100442143 0.0004927502641861478 0.0005246397362043436 0.0005578480579526903 0.0005922632070953829 0.0006277031236567831 0.0006639125969375488 0.0007005635757552292 0.0007372593744597699 0.0007735430248491744 0.0008089097513853374 0.0008428232432690279 0.0008747350868290915 0.0009041064335431485 0.0009304307415896009 0.0009532562682160842 0.000972206926658612 0.0009870001666155664 0.000997460692796264 0.0010035290922354011 0.0010052647778982815 0.001002843045075588 0.00099654644406894 0.0009867510616423222 0.0009739086405480997 0.000958525722607871 0.0009411411563440149 0.0009223033554276868 0.000902548630658117 0.0008823817575734111 0.0008622597043755653 0.0008425791567146344 0.000823668165773069 0.000805781942250211 0.0007891025461216988 0.0007737419997233376 0.0007597481921614459 0.0007471128513342046 0.0007357808341279278 0.0007256600180446209 0.0007166311568880872 0.0007085571751089891 0.0007012915053405628 0.000694685207872363 0.000688592737770161 0.0006828763363745282 0.0006774091134572185 0.0006720769518765282 0.0006667794082770214 0.000661429803395319 0.0006559546974048838 0.0006502929337167997 0.0006443944131488598 0.000638218733473133 0.0006317338005337085 0.0006249144891004231 0.0006177414062869574 0.000610199788848008 0.0006022785484682457 0.0005939694662515416 0.0005852665286483398 0.0005761653914481983 0.0005666629555472347 0.000556757037307174 0.0005464461168421704 0.0005357291489823979 0.0005246054235573501 0.0005130744637106535 0.000501135952991123 0.000488789683830379 0.0004760355216458658 0.00046287338017464983 0.00044930320475295533 0.00043532496113203784 0.0004209386280947581 0.0004061441926438607 0.0003909416469059326 0.0003753309861642221 0.0003593122076241754 0.0003428853096482567 0.0003260502912874011 0.00030880715199755004 0.0002911558914702033 0.0002730965095323238 0.00025462900608790164 0.00023575338108423907 0.00021646963449272174 0.000196777766297978
0.00011444927899621892 0.00013647980902568185 0.00015854495703632827 0.00018074516638359403 0.00020319455420918296 0.00022602001074134128 0.00024935929463949715 0.00027335795083787974 0.000298164919046934 0.0003239267666334236 0.0003507805691466864 0.00037884557278291934 0.00040821390004011735 0.00043894069403196506 0.0004710342268602823 0.0005044466094187506 0.0005390658193715646 0.0005747097967430862 0.0006111233308339732 0.000647978370461775 0.0006848782299764372 0.000721365941175963 0.0007569367285222475 0.0007910542812160595 0.0008231701855862443 0.0008527455931104229 0.0008792739619669967 0.0009023035494036013 0.0009214582686562506 0.0009364555694233263 0.0009471201564141456 0.0009533926166634039 0.0009553323631364057 0.0009531146911238339 0.0009470221509273071 0.0009374308293108107 0.0009247924690267096 0.0009096136118966023 0.0008924331064428677 0.0008737993663366608 0.0008542487023772126 0.000834285890102628 0.0008143678977149037 0.0007948914108640943 0.0007761844807326503 0.0007585023180199137 0.0007420269827015229 0.0007268704971132832 0.0007130807503615129 0.0007006494703443928 0.0006895215139482375 0.000679604758675052 0.0006707799583286398 0.0006629100373596631 0.0006558484284013582 0.0006494461917432798 0.0006435577824511991 0.0006380454418656878 0.0006327822797584996 0.0006276541789879307 0.0006225606961985453 0.0006174151521269643 0.0006121441069466504 0.0006066864040686878 0.0006009919443108695 0.0005950203254452639 0.000588739453315961 0.0005821242026927968 0.0005751551806894526 0.0005678176240606248 0.0005601004444909837 0.0005519954230844011 0.0005434965462913207 0.0005345994699013006 0.0005253010948104584 0.000515599237380519 0.000505492377725637 0.0004949794706759858 0.00048405980606105954 0.00047273290702448434 0.0004609984571150752 0.00044885624876445264 0.0004363061473900609 0.0004233480667289663 0.0004099819521173932 0.00039620776930659714 0.00038202549707943884 0.00036743512243866283 0.0003524366375108561 0.0003370300375792671 0.0003212153198493418 0.00030499248268354447 0.00028836152513281034 0.0002713224466530806 0.00025387524693585537 0.00023601992580809722 0.00021775648317379648 0.00019908491898025534 0.00018000523319885946 0.00016051742581423714
3.303282921143319e-05 5.526742005101748e-05 7.75366288717853e-05 9.994089902917253e-05 0.00012259434766488284 0.0001456238650071626 0.00016916720971543988 0.00019336992672394385 0.00021838095574311953 0.00024434686413973063 0.0002714047274631148 0.0002996737919094692 0.00032924617997678857 0.0003601770347787577 0.00039247462841719634 0.000426091071785786 0.0004609143425487214 0.0004967623807303645 0.000533379975631373 0.0005704390760692961 0.0006075429963940797 0.000644234768403727 0.0006800096165601328 0.0007143312300640663 0.0007466511952443726 0.0007764306635786724 0.0008031630932453678 0.0008263967414920938 0.0008457555215548644 0.0008609568831320617 0.0008718255309330023 0.000878302051992382 0.0008804458592755053 0.0008784322480730548 0.0008725437686866494 0.0008631565078802744 0.0008507222084062949 0.0008357474120863089 0.0008187709674426957 0.0008003412881466104 0.0007809946849972834 0.0007612359335328204 0.0007415220019552173 0.0007222495759145294 0.0007037467065932068 0.0006862686046905916 0.0006699973301823222 0.000655044905404204 0.0006414592194625552 0.0006292320002555565 0.0006183081046695224 0.0006085954102064585 0.0005999746706701676 0.0005923088105113123 0.0005854512623631289 0.0005792530865151719 0.0005735687380332127 0.0005682604582578226 0.0005632013569607559 0.0005582773170003084 0.0005533878950210445 0.0005484464117595848 0.0005433794273893925 0.0005381257853215514 0.0005326353863738542 0.0005268678283183701 0.0005207910169991886 0.0005143798271861461 0.0005076148659929231 0.0005004813701742167 0.0004929682514146971 0.00048506729081823586 0.000476772474835277 0.00046807945925537824 0.0004589851449746574 0.0004494873483548395 0.00043958454951007874 0.000429275703270549 0.00041856009946574424 0.0004074372612392904 0.00039590687214000275 0.00038396872459950154 0.00037162268403523124 0.00035886866418425814 0.00034570661038280635 0.00033213648838213174 0.0003181582769650949 0.00030377196313444025 0.00028897753901675494 0.0002737749998952873 0.00025816434297548353 0.00024214556661980756 0.0002257186698791948 0.00020888365220958656 0.00019164051330248271 0.00017398925298484598 0.00015592987116066665 0.00013746236777724695 0.00011858674280597244 9.930299623147156e-05
0.0 0.0 0.0 1.7534846169214303e-06 2.461099406275319e-05 4.784457221515434e-05 7.159197773355306e-05 9.599875555217844e-05 0.00012121384538147554 0.000147383814588208 0.00017464573872171362 0.0002031188639781894 0.00023289531285563024 0.00026403022846772077 0.00029653188291628083 0.00033035238709499187 0.0003653797186680487 0.0004014318176598133 0.00043825347337094313 0.0004755166346189877 0.0005128246157538927 0.0005497204485736614 0.0005856993575401886 0.0006202250318542435 0.0006527490578446713 0.0006827325869890926 0.0007096690774659091 0.0007331067865227567 0.0007526696273956488 0.0007680750497829674 0.0007791477583940295 0.0007858283402635307 0.0007881762083567753 0.0007863666579644462 0.0007806822393881622 0.0007714990393919087 0.0007592688007280505 0.0007444980652181861 0.0007277256813846942 0.0007095000628987302 0.0006903575205595248 0.0006708028299051831 0.0006512929591377016 0.000632224593907135 0.0006139257853959338 0.0005966517443034401 0.000580584530605292 0.0005658361666372952 0.0005524545415057678 0.0005404313831088906 0.000529711548332978 0.0005202029146800354 0.000511786235953866 0.000504324436605132 0.0004976709492670701 0.0004916768342292345 0.0004861965465573966 0.0004810923275921281 0.0004762372871051827 0.0004715173079548566 0.0004668319467857141 0.0004620945243343759 0.0004572316007743049 0.0004521820195165852 0.0004468956813790096 0.00044133218413364687 0.0004354594336245868 0.0004292523046216656 0.00042269140423856406 0.00041576196922997905 0.0004084529112805809 0.00040075601149424105 0.0003926652563214036 0.0003841763015516263 0.0003752860480810269 0.00036599231227133036 0.00035629357423669106 0.00034618878880728277 0.0003356772458125993 0.000324758468396267 0.00031343214010710066 0.00030169805337672094 0.000289556073622572 0.0002770061145817203 0.00026404812159039006 0.0002506820603998368 0.00023690790979292133 0.00022272565677238814 0.00020813529346482424 0.00019313681515347803 0.0001777302190437956 0.0001619155034982411 0.00014569266756774975 0.00012906171070826294 0.0001120226326112805 9.457543310376521e-05 7.672011208970728e-05 5.8456669516408985e-05 3.9785105355255925e-05 2.0705419590876434e-05
0.0 0.0 0.0 0.0 0.0 0.0 0.0 0.0 1.52630571755438e-05 4.16370871923977e-05 6.910307213602471e-05 9.778025820262192e-05 0.00012776076789018415 0.00015909974431239612 0.0001918054595710776 0.00022583002455991007 0.00026106141694308833 0.0002973175767449743 0.00033434329326622556 0.0003718105153243916 0.000409322557269418 0.00044642245089930805 0.00048260542067595673 0.0005173351558001331 0.0005500632426006822 0.0005802508325552249 0.000607391383842163 0.0006310331537091318 0.0006508000553921454 0.0006664095385895854 0.000677686308010769 0.0006845709506903915 0.0006871228795937576 0.0006855173900115499 0.0006800370322453872 0.0006710578930592551 0.0006590317152055184 0.0006444650405057754 0.000627896717482405 0.0006098751598065625 0.0005909366782774783 0.0005715860484332581 0.0005522802384758979 0.0005334159340554529 0.0005153211863543729 0.0004982512060720007 0.00048238805318397414 0.0004678437500260987 0.0004546661857046926 0.0004428470881179369 0.0004323313141521457 0.00042302674130932454 0.00041481412339327656 0.00040755638485466403 0.00040110695832672356 0.0003953169040990093 0.0003900406772372929 0.00038514051908214577 0.00038048953940532176 0.0003759736210651172 0.000371492320706096 0.00036695895906487924 0.00036230009631492963 0.0003574545758673313 0.00035237229853987717 0.0003470128621046359 0.0003413441724056972 0.0003353411042128974 0.0003289842646399173 0.00032225889044145366 0.00031515389330217695 0.0003076610543259586 0.0002997743599632425 0.0002914894660035866 0.0002828032733431086 0.00027371359834353355 0.0002642189211190156 0.0002543181964997288 0.00024401071431516674 0.0002332959977089558 0.00022217373022991092 0.00021064370430965256 0.00019870578536562507 0.00018635988713489477 0.0001736059549536859 0.0001604439545732541 0.00014687386477646002 0.00013289567256604827 0.00011850937006860579 0.00010371495256738099 8.851241726782e-05 7.29017625323869e-05 5.6882987412017e-05 4.0456091362651575e-05 2.362107407579056e-05 6.377935378396676e-06 0.0 0.0 0.0 0.0
0.0 0.0 0.0 0.0 0.0 0.0 0.0 0.0 0.0 0.0 0.0 0.0 2.209041871731332e-05 5.363345594964669e-05 8.654323201844958e-05 0.00012077185781740345 0.00015620731101070314 0.0001926675316227105 0.0002298973089540832 0.0002675685918223707 0.0003052846945775185 0.00034258864901752994 0.00037897567960430006 0.00041390947553859777 0.00044684162314926836 0.0004772332739139324 0.000504577886010992 0.0005284237166880823 0.0005483946791812171 0.0005642082231887786 0.0005756890534200836 0.0005827777569098276 0.0005855337466233151 0.0005841323178512287 0.0005788560208951876 0.0005700809425191769 0.0005582588254755614 0.0005438962115859399 0.000527531949372691 0.0005097144525069699 0.0004909800317880072 0.0004718334627539083 0.0004527317136066696 0.0004340714699963459 0.0004161807831053875 0.0003993148636331366 0.00038365577155523143 0.0003693155292074775 0.0003563420256961928 0.00034472698891955844 0.0003344152757638887 0.0003253147637311889 0.00031730620662526237 0.0003102525288967713 0.00030400716317895214 0.0002984211697613594 0.00029334900370976436 0.00028865290636473866 0.00028420598749803603 0.0002798941299679529 0.00027561689041905317 0.00027128758958795777 0.0002668327876481296 0.0002621913280106527 0.0002573131114933199 0.0002521577358682001 0.0002466931069793828 0.00024089409959670443 0.00023474132083384577 0.00022822000744550358 0.00022131907111634823 0.00021403029295025128 0.00020634765939765663 0.00019826682624812214 0.00018978469439776558 0.0001808990802083119 0.00017160846379391542 0.00016191179998474998 0.00015180837861030938 0.00014129772281421983 0.0001303795161452964 0.00011905355103515945 0.00010731969290125338 9.517785548064447e-05 8.262798410955702e-05 6.967004453924661e-05 5.6304015552574e-05 4.252988415228366e-05 2.8347642464962576e-05 1.3757285773859208e-05 0.0 0.0 0.0 0.0 0.0 0.0 0.0 0.0 0.0 0.0
0.0 0.0 0.0 0.0 0.0 0.0 0.0 0.0 0.0 0.0 0.0 0.0 0.0 0.0 0.0 2.195772983157837e-05 5.759724383499948e-05 9.426152525712825e-05 0.00013169536339862237 0.00016957070707703122 0.0002074908706423005 0.0002449988858924334 0.0002815899772893249 0.00031672783403374397 0.000349864042454536 0.00038045975402932155 0.0004080084269365024 0.00043205831842371424 0.00045223334172697047 0.00046825094654465334 0.0004799358375860797 0.00048722860188594514 0.0004901886524095541 0.0004889912844475891 0.00048391904830166944 0.00047534803073578014 0.0004637299745022862 0.000449571421422786 0.0004334112200196585 0.00041579778396405874 0.00039726742405521746 0.0003783249158312401 0.00035942722749412277 0.0003409710446939204 0.0003232844186130835 0.0003066225599509539 0.00029116752868317027 0.0002770313471455377 0.0002642619044443745 0.0002528509284778615 0.00024274327613231319 0.00023384682490973482 0.00022604232861392966 0.00021919271169556 0.0002131514067878623 0.00020776947418039093 0.00020290136893891733 0.00019840933240401304 0.00019416647434743187 0.0001900586776274701 0.0001859854988886918 0.00018186025886771787 0.00017760951773801111 0.00017317211891065563 0.00016849796320344426 0.0001635466483884458 0.00015828608030974998 0.00015269113373719297 0.00014674241578445575 0.00014042516320623497 0.00013372828768720108 0.00012664357033122548 0.00011916499758875226 0.00011128822524933921 0.00010301015420910404 9.43286008297718e-05 8.524204522549672e-05 7.574944222645269e-05 6.585008166213352e-05 5.554348667616538e-05 4.4829340817363345e-05 3.370743651734783e-05 2.217763919356318e-05 1.0239862583075688e-05 0.0 0.0 0.0 0.0 0.0 0.0 0.0 0.0 0.0 0.0 0.0 0.0 0.0 0.0 0.0 0.0
0.0 0.0 0.0 0.0 0.0 0.0 0.0 0.0 0.0 0.0 0.0 0.0 0.0 0.0 0.0 0.0 0.0 6.751314053661195e-06 4.438921300527673e-05 8.246861749380702e-05 0.00012059284186919769 0.00015830491792945197 0.0001951000701364649 0.00023044198769100544 0.00026378225692191886 0.0002945820293068258 0.0003223347630241281 0.0003465887153214613 0.000366967799434839 0.00038318946506264327 0.00039507841691419104 0.00040257524202417795 0.00040573935335790827 0.0004047460462060648 0.00039987787087026645 0.0003915109141144986 0.00038009691869112606 0.00036614242642174727 0.00035018628582874115 0.0003327769105832629 0.000314450611484543 0.00029571216407068695 0.0002770185365436911 0.0002587664145536102 0.00024128384928289465 0.0002248260514308866 0.00020957508097322429 0.0001956429602457131 0.00018307757835467128 0.0001718706631982798 0.00016196707166285287 0.00015327468125039592 0.0001456742457647122 0.00013902868965646396 0.00013319144555888764 0.00012801357376153772 0.0001233495293301855 0.00011906155360540263 0.00011502275635894288 0.00011111902044910251 0.00010724990252044566 0.00010332872330959313 9.928204299000778e-05 9.504870497277371e-05 9.057861007568375e-05 8.583135607080674e-05 8.077484880223231e-05 7.538396303979675e-05 6.96393058971809e-05 6.352611412908154e-05 5.7033299420169066e-05 5.015264287431491e-05 4.287813094196309e-05 3.520541941267146e-05 2.7131409182557715e-05 1.8653916613346875e-05 9.771421819193216e-06 4.828796302705982e-07 0.0 0.0 0.0 0.0 0.0 0.0 0.0 0.0 0.0 0.0 0.0 0.0 0.0 0.0 0.0 0.0 0.0 0.0 0.0 0.0 0.0 0.0
0.0 0.0 0.0 0.0 0.0 0.0 0.0 0.0 0.0 0.0 0.0 0.0 0.0 0.0 0.0 0.0 0.0 0.0 0.0 8.630315445795372e-06 4.695860063130747e-05 8.487473750168315e-05 0.00012187395051881752 0.00015741992888347944 0.0001909642589245143 0.00022196809211954267 0.0002499248866469664 0.00027438289975442097 0.0002949660446779201 0.0003113917711158458 0.00032348478377751497 0.00033118566969762327 0.0003345538418414751 0.000333764595499753 0.0003291004809740761 0.00032093758502842954 0.00030972765041517846 0.0002959772189559211 0.0002802251391730364 0.00026301982473767954 0.0002448975864490811 0.00022636319984534648 0.000207873633128472 0.00018982557194851255 0.00017254706748791844 0.00015629333044603173 0.00014124642079849087 0.0001275183608811011 0.00011515703980018071 0.00010415418545391063 9.445465472860511e-05 8.596632512626959e-05 7.856995045070726e-05 7.212845515258045e-05 6.649527186512558e-05 6.152146087789704e-05 5.706147725666626e-05 5.29775623420048e-05 4.914282590566646e-05 4.544315080594752e-05 4.177809368741206e-05 3.806097528668096e-05 3.421835577721704e-05 3.0189078570104367e-05 2.592304448313584e-05 2.1379851288380232e-05 1.6527404829927223e-05 1.1340579877613077e-05 5.7999835451186535e-06 0.0 0.0 0.0 0.0 0.0 0.0 0.0 0.0 0.0 0.0 0.0 0.0 0.0 0.0 0.0 0.0 0.0 0.0 0.0 0.0 0.0 0.0 0.0 0.0 0.0 0.0 0.0 0.0 0.0 0.0 0.0
0.0 0.0 0.0 0.0 0.0 0.0 0.0 0.0 0.0 0.0 0.0 0.0 0.0 0.0 0.0 0.0 0.0 0.0 0.0 0.0 0.0 2.505940463538231e-05 6.226267846263809e-05 9.801271763742145e-05 0.0001317611084885777 0.00016296900249372748 0.00019112985783127263 0.00021579193174884863 0.00023657913748246917 0.0002532089247305163 0.0002655059982023069 0.0002734109449325366 0.0002769831778865098 0.00027639799235490913 0.0002719379386393536 0.00026397910350382857 0.00025297322970069887 0.00023942685905156292 0.00022387884007879966 0.00020687758645356418 0.00018895940897508719 0.00017062908318147397 0.00015234357727472093 0.00013449957690488283 0.00011742513325441015 0.00010137545702264489 8.653260818522541e-05 7.300860907795707e-05 6.085134880715811e-05 5.005255527100944e-05 4.0557085355825345e-05 3.227281656361122e-05 2.5080502698170326e-05 1.8843068210164922e-05 1.3413945732831464e-05 8.644195555724345e-06 4.388272744614984e-06 5.084186400749387e-07 0.0 0.0 0.0 0.0 0.0 0.0 0.0 0.0 0.0 0.0 0.0 0.0 0.0 0.0 0.0 0.0 0.0 0.0 0.0 0.0 0.0 0.0 0.0 0.0 0.0 0.0 0.0 0.0 0.0 0.0 0.0 0.0 0.0 0.0 0.0 0.0 0.0 0.0 0.0 0.0 0.0 0.0
0.0 0.0 0.0 0.0 0.0 0.0 0.0 0.0 0.0 0.0 0.0 0.0 0.0 0.0 0.0 0.0 0.0 0.0 0.0 0.0 0.0 0.0 1.5128921027714848e-05 5.108302101261961e-05 8.50354726738973e-05 0.00011644742748916847 0.00014481234363683505 0.00016967847836453249 0.00019066974490827444 0.00020750359296644295 0.00022000472724835495 0.0002281137347887061 0.00023189002855280073 0.00023150890383132145 0.00022725291092588737 0.00021949813660048374 0.00020869632360747547 0.00019535401376846094 0.00018001005560581905 0.00016321286279070502 0.00014549874612234943 0.00012737248113885762 0.00010929103604222601 9.165109648250935e-05 7.478071364215806e-05 5.893509822051421e-05 4.429631019321616e-05 3.0976371896069234e-05 1.9023172435391687e-05 8.428439709364429e-06 0.0 0.0 0.0 0.0 0.0 0.0 0.0 0.0 0.0 0.0 0.0 0.0 0.0 0.0 0.0 0.0 0.0 0.0 0.0 0.0 0.0 0.0 0.0 0.0 0.0 0.0 0.0 0.0 0.0 0.0 0.0 0.0 0.0 0.0 0.0 0.0 0.0 0.0 0.0 0.0 0.0 0.0 0.0 0.0 0.0 0.0 0.0 0.0 0.0 0.0
0.0 0.0 0.0 0.0 0.0 0.0 0.0 0.0 0.0 0.0 0.0 0.0 0.0 0.0 0.0 0.0 0.0 0.0 0.0 0.0 0.0 0.0 0.0 1.4617824998711059e-05 4.877433747011015e-05 8.039035309550277e-05 0.00010895933005329073 0.0001340295255911096 0.00015522485294497296 0.00017226276181326288 0.00018496795690529634 0.00019328102525576884 0.0001972613798299849 0.00019708431591862707 0.0001930323838233144 0.00018548167030803218 0.0001748839181251453 0.0001617456690962522 0.00014660577174373176 0.0001300126397387391 0.00011250258388050494 9.458037970713457e-05 7.670299542062437e-05 5.926711667102912e-05 4.2600794640799246e-05 2.695924002927681e-05 1.252451281210018e-05 0.0 0.0 0.0 0.0 0.0 0.0 0.0 0.0 0.0 0.0 0.0 0.0 0.0 0.0 0.0 0.0 0.0 0.0 0.0 0.0 0.0 0.0 0.0 0.0 0.0 0.0 0.0 0.0 0.0 0.0 0.0 0.0 0.0 0.0 0.0 0.0 0.0 0.0 0.0 0.0 0.0 0.0 0.0 0.0 0.0 0.0 0.0 0.0 0.0 0.0 0.0 0.0 0.0
0.0 0.0 0.0 0.0 0.0 0.0 0.0 0.0 0.0 0.0 0.0 0.0 0.0 0.0 0.0 0.0 0.0 0.0 0.0 0.0 0.0 0.0 0.0 0.0 2.0642083626542462e-05 5.246216006205648e-05 8.123519782996589e-05 0.00010650945417790613 0.00012790884234189094 0.00014515081202030227 0.00015806006792245714 0.00016657719708305108 0.00017076161246738853 0.0001707886093661521 0.00016694073808096088 0.00015959408537580006 0.00014920039400303462 0.0001362662057842629 0.0001213303692418639 0.00010494129804699268 8.763530299887989e-05 6.991715963563094e-05 5.2243836159242155e-05 3.501201821976834e-05 1.8549756999659878e-05 3.112263198258858e-06 0.0 0.0 0.0 0.0 0.0 0.0 0.0 0.0 0.0 0.0 0.0 0.0 0.0 0.0 0.0 0.0 0.0 0.0 0.0 0.0 0.0 0.0 0.0 0.0 0.0 0.0 0.0 0.0 0.0 0.0 0.0 0.0 0.0 0.0 0.0 0.0 0.0 0.0 0.0 0.0 0.0 0.0 0.0 0.0 0.0 0.0 0.0 0.0 0.0 0.0 0.0 0.0 0.0 0.0
0.0 0.0 0.0 0.0 0.0 0.0 0.0 0.0 0.0 0.0 0.0 0.0 0.0 0.0 0.0 0.0 0.0 0.0 0.0 0.0 0.0 0.0 0.0 0.0 0.0 3.041393222927097e-05 5.9391030807301766e-05 8.486934796536346e-05 0.00010647279693946965 0.00012391882742800243 0.0001370321441402787 0.00014575333411099406 0.00015014181030545293 0.00015037286801433791 0.0001467290575392681 0.00013958646564422872 0.00012939683508158466 0.00011666670767293438 0.00010193493194065678 8.574992155590698e-05 6.864798731791564e-05 5.113390476478808e-05 3.366464209852072e-05 1.663688496916831e-05 3.7868455918126793e-07 0.0 0.0 0.0 0.0 0.0 0.0 0.0 0.0 0.0 0.0 0.0 0.0 0.0 0.0 0.0 0.0 0.0 0.0 0.0 0.0 0.0 0.0 0.0 0.0 0.0 0.0 0.0 0.0 0.0 0.0 0.0 0.0 0.0 0.0 0.0 0.0 0.0 0.0 0.0 0.0 0.0 0.0 0.0 0.0 0.0 0.0 0.0 0.0 0.0 0.0 0.0 0.0 0.0 0.0 0.0
0.0 0.0 0.0 0.0 0.0 0.0 0.0 0.0 0.0 0.0 0.0 0.0 0.0 0.0 0.0 0.0 0.0 0.0 0.0 0.0 0.0 0.0 0.0 0.0 0.0 1.2325411735569753e-05 4.150657112372197e-05 6.718894909190506e-05 8.899645887613269e-05 0.00010664655017478685 0.00011996392769718456 0.00012888917847802135 0.00013348171548260162 0.00013391683400160802 0.0001304770843366596 0.00012353855325174164 0.00011355298349921904 0.00010102691690069016 8.649920197853397e-05 7.051825240390557e-05 5.362037897603565e-05 3.6310357233029524e-05 1.9045155376883568e-05 2.2214590576525862e-06 0.0 0.0 0.0 0.0 0.0 0.0 0.0 0.0 0.0 0.0 0.0 0.0 0.0 0.0 0.0 0.0 0.0 0.0 0.0 0.0 0.0 0.0 0.0 0.0 0.0 0.0 0.0 0.0 0.0 0.0 0.0 0.0 0.0 0.0 0.0 0.0 0.0 0.0 0.0 0.0 0.0 0.0 0.0 0.0 0.0 0.0 0.0 0.0 0.0 0.0 0.0 0.0 0.0 0.0 0.0 0.0
0.0 0.0 0.0 0.0 0.0 0.0 0.0 0.0 0.0 0.0 0.0 0.0 0.0 0.0 0.0 0.0 0.0 0.0 0.0 0.0 0.0 0.0 0.0 0.0 0.0 0.0 2.608567574103701e-05 5.197211451934153e-05 7.398368511369055e-05 9.183783722246617e-05 0.00010535927555498525 0.00011448858714594346 0.00011928518496064516 0.00011992436428977299 0.00011668867543494599 0.00010995420516014943 0.00010017269621774824 8.785069042934078e-05 7.3527036317306e-05 5.775014755279903e-05 4.105633493505051e-05 2.3950374002165805e-05 6.889232956141265e-06 0.0 0.0 0.0 0.0 0.0 0.0 0.0 0.0 0.0 0.0 0.0 0.0 0.0 0.0 0.0 0.0 0.0 0.0 0.0 0.0 0.0 0.0 0.0 0.0 0.0 0.0 0.0 0.0 0.0 0.0 0.0 0.0 0.0 0.0 0.0 0.0 0.0 0.0 0.0 0.0 0.0 0.0 0.0 0.0 0.0 0.0 0.0 0.0 0.0 0.0 0.0 0.0 0.0 0.0 0.0 0.0 0.0
0.0 0.0 0.0 0.0 0.0 0.0 0.0 0.0 0.0 0.0 0.0 0.0 0.0 0.0 0.0 0.0 0.0 0.0 0.0 0.0 0.0 0.0 0.0 0.0 0.0 0.0 1.204844109307207e-05 3.813894068149801e-05 6.035457208596845e-05 7.841278500486545e-05 9.2138284147506e-05 0.00010147165654858559 0.00010647231517340871 0.00010731555531265794 0.00010428392726795238 9.775351780327724e-05 8.817606967099746e-05 7.605812469271142e-05 6.193853139079807e-05 4.63657034364125e-05 2.9875951628785397e-05 1.29740515060221e-05 0.0 0.0 0.0 0.0 0.0 0.0 0.0 0.0 0.0 0.0 0.0 0.0 0.0 0.0 0.0 0.0 0.0 0.0 0.0 0.0 0.0 0.0 0.0 0.0 0.0 0.0 0.0 0.0 0.0 0.0 0.0 0.0 0.0 0.0 0.0 0.0 0.0 0.0 0.0 0.0 0.0 0.0 0.0 0.0 0.0 0.0 0.0 0.0 0.0 0.0 0.0 0.0 0.0 0.0 0.0 0.0 0.0 0.0
0.0 0.0 0.0 0.0 0.0 0.0 0.0 0.0 0.0 0.0 0.0 0.0 0.0 0.0 0.0 0.0 0.0 0.0 0.0 0.0 0.0 0.0 0.0 0.0 0.0 0.0 0.0 2.496074881267657e-05 4.7380441027268433e-05 6.564271475628685e-05 7.957227470904879e-05 8.910970792024984e-05 9.431442735519436e-05 9.536172830456502e-05 9.253416106998084e-05 8.620781241542714e-05 7.683442509326876e-05 6.492054092510414e-05 5.100500843331221e-05 3.5636241289048064e-05 1.9350550291542368e-05 2.652710978900491e-06 0.0 0.0 0.0 0.0 0.0 0.0 0.0 0.0 0.0 0.0 0.0 0.0 0.0 0.0 0.0 0.0 0.0 0.0 0.0 0.0 0.0 0.0 0.0 0.0 0.0 0.0 0.0 0.0 0.0 0.0 0.0 0.0 0.0 0.0 0.0 0.0 0.0 0.0 0.0 0.0 0.0 0.0 0.0 0.0 0.0 0.0 0.0 0.0 0.0 0.0 0.0 0.0 0.0 0.0 0.0 0.0 0.0 0.0
0.0 0.0 0.0 0.0 0.0 0.0 0.0 0.0 0.0 0.0 0.0 0.0 0.0 0.0 0.0 0.0 0.0 0.0 0.0 0.0 0.0 0.0 0.0 0.0 0.0 0.0 0.0 1.1975159791686369e-05 3.459891281639965e-05 5.3065247355539494e-05 6.719886811842285e-05 7.694036213974528e-05 8.234914238481125e-05 8.360050414430332e-05 8.097699771984057e-05 7.485470987540825e-05 6.568538336337131e-05 5.3975560005328104e-05 4.026408832365759e-05 2.5099381989514863e-05 9.017751802130588e-06 0.0 0.0 0.0 0.0 0.0 0.0 0.0 0.0 0.0 0.0 0.0 0.0 0.0 0.0 0.0 0.0 0.0 0.0 0.0 0.0 0.0 0.0 0.0 0.0 0.0 0.0 0.0 0.0 0.0 0.0 0.0 0.0 0.0 0.0 0.0 0.0 0.0 0.0 0.0 0.0 0.0 0.0 0.0 0.0 0.0 0.0 0.0 0.0 0.0 0.0 0.0 0.0 0.0 0.0 0.0 0.0 0.0 0.0 0.0
0.0 0.0 0.0 0.0 0.0 0.0 0.0 0.0 0.0 0.0 0.0 0.0 0.0 0.0 0.0 0.0 0.0 0.0 0.0 0.0 0.0 0.0 0.0 0.0 0.0 0.0 0.0 0.0 2.1732939593879204e-05 4.040333494314047e-05 5.474101651614524e-05 6.46865713475891e-05 7.029941240277645e-05 7.175483497238997e-05 6.933538935804861e-05 6.341716232373774e-05 5.445189662182219e-05 4.294613407390041e-05 2.9438723202351302e-05 1.4478077678329995e-05 0.0 0.0 0.0 0.0 0.0 0.0 0.0 0.0 0.0 0.0 0.0 0.0 0.0 0.0 0.0 0.0 0.0 0.0 0.0 0.0 0.0 0.0 0.0 0.0 0.0 0.0 0.0 0.0 0.0 0.0 0.0 0.0 0.0 0.0 0.0 0.0 0.0 0.0 0.0 0.0 0.0 0.0 0.0 0.0 0.0 0.0 0.0 0.0 0.0 0.0 0.0 0.0 0.0 0.0 0.0 0.0 0.0 0.0 0.0 0.0
0.0 0.0 0.0 0.0 0.0 0.0 0.0 0.0 0.0 0.0 0.0 0.0 0.0 0.0 0.0 0.0 0.0 0.0 0.0 0.0 0.0 0.0 0.0 0.0 0.0 0.0 0.0 0.0 8.625303835152753e-06 2.749975999453544e-05 4.204150237766163e-05 5.219111801922691e-05 5.8008019884535686e-05 5.9667503264270586e-05 5.7452118460050686e-05 5.17379522358612e-05 4.297674734406709e-05 3.1675045606266706e-05 1.8371695544839027e-05 3.615110830939128e-06 0.0 0.0 0.0 0.0 0.0 0.0 0.0 0.0 0.0 0.0 0.0 0.0 0.0 0.0 0.0 0.0 0.0 0.0 0.0 0.0 0.0 0.0 0.0 0.0 0.0 0.0 0.0 0.0 0.0 0.0 0.0 0.0 0.0 0.0 0.0 0.0 0.0 0.0 0.0 0.0 0.0 0.0 0.0 0.0 0.0 0.0 0.0 0.0 0.0 0.0 0.0 0.0 0.0 0.0 0.0 0.0 0.0 0.0 0.0 0.0
0.0 0.0 0.0 0.0 0.0 0.0 0.0 0.0 0.0 0.0 0.0 0.0 0.0 0.0 0.0 0.0 0.0 0.0 0.0 0.0 0.0 0.0 0.0 0.0 0.0 0.0 0.0 0.0 0.0 1.4269836548771064e-05 2.9015639742018677e-05 3.9369316193705376e-05 4.539027886913557e-05 4.7253823058991895e-05 4.5242499064893386e-05 3.973239365082534e-05 3.117524956915263e-05 2.0077608641473678e-05 6.978319390167395e-06 0.0 0.0 0.0 0.0 0.0 0.0 0.0 0.0 0.0 0.0 0.0 0.0 0.0 0.0 0.0 0.0 0.0 0.0 0.0 0.0 0.0 0.0 0.0 0.0 0.0 0.0 0.0 0.0 0.0 0.0 0.0 0.0 0.0 0.0 0.0 0.0 0.0 0.0 0.0 0.0 0.0 0.0 0.0 0.0 0.0 0.0 0.0 0.0 0.0 0.0 0.0 0.0 0.0 0.0 0.0 0.0 0.0 0.0 0.0 0.0 0.0
0.0 0.0 0.0 0.0 0.0 0.0 0.0 0.0 0.0 0.0 0.0 0.0 0.0 0.0 0.0 0.0 0.0 0.0 0.0 0.0 0.0 0.0 0.0 0.0 0.0 0.0 0.0 0.0 0.0 6.701894372478367e-07 1.5620053440616844e-05 2.6177790702424956e-05 3.240281418797658e-05 3.447041918795432e-05 3.2663156003977235e-05 2.735711140003058e-05 1.9004028128479316e-05 8.110448010921755e-06 0.0 0.0 0.0 0.0 0.0 0.0 0.0 0.0 0.0 0.0 0.0 0.0 0.0 0.0 0.0 0.0 0.0 0.0 0.0 0.0 0.0 0.0 0.0 0.0 0.0 0.0 0.0 0.0 0.0 0.0 0.0 0.0 0.0 0.0 0.0 0.0 0.0 0.0 0.0 0.0 0.0 0.0 0.0 0.0 0.0 0.0 0.0 0.0 0.0 0.0 0.0 0.0 0.0 0.0 0.0 0.0 0.0 0.0 0.0 0.0 0.0 0.0
0.0 0.0 0.0 0.0 0.0 0.0 0.0 0.0 0.0 0.0 0.0 0.0 0.0 0.0 0.0 0.0 0.0 0.0 0.0 0.0 0.0 0.0 0.0 0.0 0.0 0.0 0.0 0.0 0.0 0.0 1.8335896514722894e-06 1.2595387723401796e-05 1.902447201907484e-05 2.1296137829174e-05 1.9692935455318334e-05 1.4590951661493102e-05 6.441929200063229e-06 0.0 0.0 0.0 0.0 0.0 0.0 0.0 0.0 0.0 0.0 0.0 0.0 0.0 0.0 0.0 0.0 0.0 0.0 0.0 0.0 0.0 0.0 0.0 0.0 0.0 0.0 0.0 0.0 0.0 0.0 0.0 0.0 0.0 0.0 0.0 0.0 0.0 0.0 0.0 0.0 0.0 0.0 0.0 0.0 0.0 0.0 0.0 0.0 0.0 0.0 0.0 0.0 0.0 0.0 0.0 0.0 0.0 0.0 0.0 0.0 0.0 0.0 0.0
0.0 0.0 0.0 0.0 0.0 0.0 0.0 0.0 0.0 0.0 0.0 0.0 0.0 0.0 0.0 0.0 0.0 0.0 0.0 0.0 0.0 0.0 0.0 0.0 0.0 0.0 0.0 0.0 0.0 0.0 0.0 0.0 5.2454181767265794e-06 7.72114479694716e-06 6.3220032332129136e-06 1.424080249509102e-06 0.0 0.0 0.0 0.0 0.0 0.0 0.0 0.0 0.0 0.0 0.0 0.0 0.0 0.0 0.0 0.0 0.0 0.0 0.0 0.0 0.0 0.0 0.0 0.0 0.0 0.0 0.0 0.0 0.0 0.0 0.0 0.0 0.0 0.0 0.0 0.0 0.0 0.0 0.0 0.0 0.0 0.0 0.0 0.0 0.0 0.0 0.0 0.0 0.0 0.0 0.0 0.0 0.0 0.0 0.0 0.0 0.0 0.0 0.0 0.0 0.0 0.0 0.0 0.0
0.0 0.0 0.0 0.0 0.0 0.0 0.0 0.0 0.0 0.0 0.0 0.0 0.0 0.0 0.0 0.0 0.0 0.0 0.0 0.0 0.0 0.0 0.0 0.0 0.0 0.0 0.0 0.0 0.0 0.0 0.0 0.0 0.0 0.0 0.0 0.0 0.0 0.0 0.0 0.0 0.0 0.0 0.0 0.0 0.0 0.0 0.0 0.0 0.0 0.0 0.0 0.0 0.0 0.0 0.0 0.0 0.0 0.0 0.0 0.0 0.0 0.0 0.0 0.0 0.0 0.0 0.0 0.0 0.0 0.0 0.0 0.0 0.0 0.0 0.0 0.0 0.0 0.0 0.0 0.0 0.0 0.0 0.0 0.0 0.0 0.0 0.0 0.0 0.0 0.0 0.0 0.0 0.0 0.0 0.0 0.0 0.0 0.0 0.0 0.0
0.0 0.0 0.0 0.0 0.0 0.0 0.0 0.0 0.0 0.0 0.0 0.0 0.0 0.0 0.0 0.0 0.0 0.0 0.0 0.0 0.0 0.0 0.0 0.0 0.0 0.0 0.0 0.0 0.0 0.0 0.0 0.0 0.0 0.0 0.0 0.0 0.0 0.0 0.0 0.0 0.0 0.0 0.0 0.0 0.0 0.0 0.0 0.0 0.0 0.0 0.0 0.0 0.0 0.0 0.0 0.0 0.0 0.0 0.0 0.0 0.0 0.0 0.0 0.0 0.0 0.0 0.0 0.0 0.0 0.0 0.0 0.0 0.0 0.0 0.0 0.0 0.0 0.0 0.0 0.0 0.0 0.0 0.0 0.0 0.0 0.0 0.0 0.0 0.0 0.0 0.0 0.0 0.0 0.0 0.0 0.0 0.0 0.0 0.0 0.0
0.0 0.0 0.0 0.0 0.0 0.0 0.0 0.0 0.0 0.0 0.0 0.0 0.0 0.0 0.0 0.0 0.0 0.0 0.0 0.0 0.0 0.0 0.0 0.0 0.0 0.0 0.0 0.0 0.0 0.0 0.0 0.0 0.0 0.0 0.0 0.0 0.0 0.0 0.0 0.0 0.0 0.0 0.0 0.0 0.0 0.0 0.0 0.0 0.0 0.0 0.0 0.0 0.0 0.0 0.0 0.0 0.0 0.0 0.0 0.0 0.0 0.0 0.0 0.0 0.0 0.0 0.0 0.0 0.0 0.0 0.0 0.0 0.0 0.0 0.0 0.0 0.0 0.0 0.0 0.0 0.0 0.0 0.0 0.0 0.0 0.0 0.0 0.0 0.0 0.0 0.0 0.0 0.0 0.0 0.0 0.0 0.0 0.0 0.0 0.0
0.0 0.0 0.0 0.0 0.0 0.0 0.0 0.0 0.0 0.0 0.0 0.0 0.0 0.0 0.0 0.0 0.0 0.0 0.0 0.0 0.0 0.0 0.0 0.0 0.0 0.0 0.0 0.0 0.0 0.0 0.0 0.0 0.0 0.0 0.0 0.0 0.0 0.0 0.0 0.0 0.0 0.0 0.0 0.0 0.0 0.0 0.0 0.0 0.0 0.0 0.0 0.0 0.0 0.0 0.0 0.0 0.0 0.0 0.0 0.0 0.0 0.0 0.0 0.0 0.0 0.0 0.0 0.0 0.0 0.0 0.0 0.0 0.0 0.0 0.0 0.0 0.0 0.0 0.0 0.0 0.0 0.0 0.0 0.0 0.0 0.0 0.0 0.0 0.0 0.0 0.0 0.0 0.0 0.0 0.0 0.0 0.0 0.0 0.0 0.0
0.0 0.0 0.0 0.0 0.0 0.0 0.0 0.0 0.0 0.0 0.0 0.0 0.0 0.0 0.0 0.0 0.0 0.0 0.0 0.0 0.0 0.0 0.0 0.0 0.0 0.0 0.0 0.0 0.0 0.0 0.0 0.0 0.0 0.0 0.0 0.0 0.0 0.0 0.0 0.0 0.0 0.0 0.0 0.0 0.0 0.0 0.0 0.0 0.0 0.0 0.0 0.0 0.0 0.0 0.0 0.0 0.0 0.0 0.0 0.0 0.0 0.0 0.0 0.0 0.0 0.0 0.0 0.0 0.0 0.0 0.0 0.0 0.0 0.0 0.0 0.0 0.0 0.0 0.0 0.0 0.0 0.0 0.0 0.0 0.0 0.0 0.0 0.0 0.0 0.0 0.0 0.0 0.0 0.0 0.0 0.0 0.0 0.0 0.0 0.0
0.0 0.0 0.0 0.0 0.0 0.0 0.0 0.0 0.0 0.0 0.0 0.0 0.0 0.0 0.0 0.0 0.0 0.0 0.0 0.0 0.0 0.0 0.0 0.0 0.0 0.0 0.0 0.0 0.0 0.0 0.0 0.0 0.0 0.0 0.0 0.0 0.0 0.0 0.0 0.0 0.0 0.0 0.0 0.0 0.0 0.0 0.0 0.0 0.0 0.0 0.0 0.0 0.0 0.0 0.0 0.0 0.0 0.0 0.0 0.0 0.0 0.0 0.0 0.0 0.0 0.0 0.0 0.0 0.0 0.0 0.0 0.0 0.0 0.0 0.0 0.0 0.0 0.0 0.0 0.0 0.0 0.0 0.0 0.0 0.0 0.0 0.0 0.0 0.0 0.0 0.0 0.0 0.0 0.0 0.0 0.0 0.0 0.0 0.0 0.0
0.0 0.0 0.0 0.0 0.0 0.0 0.0 0.0 0.0 0.0 0.0 0.0 0.0 0.0 0.0 0.0 0.0 0.0 0.0 0.0 0.0 0.0 0.0 0.0 0.0 0.0 0.0 0.0 0.0 0.0 0.0 0.0 0.0 0.0 0.0 0.0 0.0 0.0 0.0 0.0 0.0 0.0 0.0 0.0 0.0 0.0 0.0 0.0 0.0 0.0 0.0 0.0 0.0 0.0 0.0 0.0 0.0 0.0 0.0 0.0 0.0 0.0 0.0 0.0 0.0 0.0 0.0 0.0 0.0 0.0 0.0 0.0 0.0 0.0 0.0 0.0 0.0 0.0 0.0 0.0 0.0 0.0 0.0 0.0 0.0 0.0 0.0 0.0 0.0 0.0 0.0 0.0 0.0 0.0 0.0 0.0 0.0 0.0 0.0 0.0
0.0 0.0 0.0 0.0 0.0 0.0 0.0 0.0 0.0 0.0 0.0 0.0 0.0 0.0 0.0 0.0 0.0 0.0 0.0 0.0 0.0 0.0 0.0 0.0 0.0 0.0 0.0 0.0 0.0 0.0 0.0 0.0 0.0 0.0 0.0 0.0 0.0 0.0 0.0 0.0 0.0 0.0 0.0 0.0 0.0 0.0 0.0 0.0 0.0 0.0 0.0 0.0 0.0 0.0 0.0 0.0 0.0 0.0 0.0 0.0 0.0 0.0 0.0 0.0 0.0 0.0 0.0 0.0 0.0 0.0 0.0 0.0 0.0 0.0 0.0 0.0 0.0 0.0 0.0 0.0 0.0 0.0 0.0 0.0 0.0 0.0 0.0 0.0 0.0 0.0 0.0 0.0 0.0 0.0 0.0 0.0 0.0 0.0 0.0 0.0
0.0 0.0 0.0 0.0 0.0 0.0 0.0 0.0 0.0 0.0 0.0 0.0 0.0 0.0 0.0 0.0 0.0 0.0 0.0 0.0 0.0 0.0 0.0 0.0 0.0 0.0 0.0 0.0 0.0 0.0 0.0 0.0 0.0 0.0 0.0 0.0 0.0 0.0 0.0 0.0 0.0 0.0 0.0 0.0 0.0 0.0 0.0 0.0 0.0 0.0 0.0 0.0 0.0 0.0 0.0 0.0 0.0 0.0 0.0 0.0 0.0 0.0 0.0 0.0 0.0 0.0 0.0 0.0 0.0 0.0 0.0 0.0 0.0 0.0 0.0 0.0 0.0 0.0 0.0 0.0 0.0 0.0 0.0 0.0 0.0 0.0 0.0 0.0 0.0 0.0 0.0 0.0 0.0 0.0 0.0 0.0 0.0 0.0 0.0 0.0
0.0 0.0 0.0 0.0 0.0 0.0 0.0 0.0 0.0 0.0 0.0 0.0 0.0 0.0 0.0 0.0 0.0 0.0 0.0 0.0 0.0 0.0 0.0 0.0 0.0 0.0 0.0 0.0 0.0 0.0 0.0 0.0 0.0 0.0 0.0 0.0 0.0 0.0 0.0 0.0 0.0 0.0 0.0 0.0 0.0 0.0 0.0 0.0 0.0 0.0 0.0 0.0 0.0 0.0 0.0 0.0 0.0 0.0 0.0 0.0 0.0 0.0 0.0 0.0 0.0 0.0 0.0 0.0 0.0 0.0 0.0 0.0 0.0 0.0 0.0 0.0 0.0 0.0 0.0 0.0 0.0 0.0 0.0 0.0 0.0 0.0 0.0 0.0 0.0 0.0 0.0 0.0 0.0 0.0 0.0 0.0 0.0 0.0 0.0 0.0
0.0 0.0 0.0 0.0 0.0 0.0 0.0 0.0 0.0 0.0 0.0 0.0 0.0 0.0 0.0 0.0 0.0 0.0 0.0 0.0 0.0 0.0 0.0 0.0 0.0 0.0 0.0 0.0 0.0 0.0 0.0 0.0 0.0 0.0 0.0 0.0 0.0 0.0 0.0 0.0 0.0 0.0 0.0 0.0 0.0 0.0 0.0 0.0 0.0 0.0 0.0 0.0 0.0 0.0 0.0 0.0 0.0 0.0 0.0 0.0 0.0 0.0 0.0 0.0 0.0 0.0 0.0 0.0 0.0 0.0 0.0 0.0 0.0 0.0 0.0 0.0 0.0 0.0 0.0 0.0 0.0 0.0 0.0 0.0 0.0 0.0 0.0 0.0 0.0 0.0 0.0 0.0 0.0 0.0 0.0 0.0 0.0 0.0 0.0 0.0
0.0 0.0 0.0 0.0 0.0 0.0 0.0 0.0 0.0 0.0 0.0 0.0 0.0 0.0 0.0 0.0 0.0 0.0 0.0 0.0 0.0 0.0 0.0 0.0 0.0 0.0 0.0 0.0 0.0 0.0 0.0 0.0 0.0 0.0 0.0 0.0 0.0 0.0 0.0 0.0 0.0 0.0 0.0 0.0 0.0 0.0 0.0 0.0 0.0 0.0 0.0 0.0 0.0 0.0 0.0 0.0 0.0 0.0 0.0 0.0 0.0 0.0 0.0 0.0 0.0 0.0 0.0 0.0 0.0 0.0 0.0 0.0 0.0 0.0 0.0 0.0 0.0 0.0 0.0 0.0 0.0 0.0 0.0 0.0 0.0 0.0 0.0 0.0 0.0 0.0 0.0 0.0 0.0 0.0 0.0 0.0 0.0 0.0 0.0 0.0
0.0 0.0 0.0 0.0 0.0 0.0 0.0 0.0 0.0 0.0 0.0 0.0 0.0 0.0 0.0 0.0 0.0 0.0 0.0 0.0 0.0 0.0 0.0 0.0 0.0 0.0 0.0 0.0 0.0 0.0 0.0 0.0 0.0 0.0 0.0 0.0 0.0 0.0 0.0 0.0 0.0 0.0 0.0 0.0 0.0 0.0 0.0 0.0 0.0 0.0 0.0 0.0 0.0 0.0 0.0 0.0 0.0 0.0 0.0 0.0 0.0 0.0 0.0 0.0 0.0 0.0 0.0 0.0 0.0 0.0 0.0 0.0 0.0 0.0 0.0 0.0 0.0 0.0 0.0 0.0 0.0 0.0 0.0 0.0 0.0 0.0 0.0 0.0 0.0 0.0 0.0 0.0 0.0 0.0 0.0 0.0 0.0 0.0 0.0 0.0
0.0 0.0 0.0 0.0 0.0 0.0 0.0 0.0 0.0 0.0 0.0 0.0 0.0 0.0 0.0 0.0 0.0 0.0 0.0 0.0 0.0 0.0 0.0 0.0 0.0 0.0 0.0 0.0 0.0 0.0 0.0 0.0 0.0 0.0 0.0 0.0 0.0 0.0 0.0 0.0 0.0 0.0 0.0 0.0 0.0 0.0 0.0 0.0 0.0 0.0 0.0 0.0 0.0 0.0 0.0 0.0 0.0 0.0 0.0 0.0 0.0 0.0 0.0 0.0 0.0 0.0 0.0 0.0 0.0 0.0 0.0 0.0 0.0 0.0 0.0 0.0 0.0 0.0 0.0 0.0 0.0 0.0 0.0 0.0 0.0 0.0 0.0 0.0 0.0 0.0 0.0 0.0 0.0 0.0 0.0 0.0 0.0 0.0 0.0 0.0
0.0 0.0 0.0 0.0 0.0 0.0 0.0 0.0 0.0 0.0 0.0 0.0 0.0 0.0 0.0 0.0 0.0 0.0 0.0 0.0 0.0 0.0 0.0 0.0 0.0 0.0 0.0 0.0 0.0 0.0 0.0 0.0 0.0 0.0 0.0 0.0 0.0 0.0 0.0 0.0 0.0 0.0 0.0 0.0 0.0 0.0 0.0 0.0 0.0 0.0 0.0 0.0 0.0 0.0 0.0 0.0 0.0 0.0 0.0 0.0 0.0 0.0 0.0 0.0 0.0 0.0 0.0 0.0 0.0 0.0 0.0 0.0 0.0 0.0 0.0 0.0 0.0 0.0 0.0 0.0 0.0 0.0 0.0 0.0 0.0 0.0 0.0 0.0 0.0 0.0 0.0 0.0 0.0 0.0 0.0 0.0 0.0 0.0 0.0 0.0
0.0 0.0 0.0 0.0 0.0 0.0 0.0 0.0 0.0 0.0 0.0 0.0 0.0 0.0 0.0 0.0 0.0 0.0 0.0 0.0 0.0 0.0 0.0 0.0 0.0 0.0 0.0 0.0 0.0 0.0 0.0 0.0 0.0 0.0 0.0 0.0 0.0 0.0 0.0 0.0 0.0 0.0 0.0 0.0 0.0 0.0 0.0 0.0 0.0 0.0 0.0 0.0 0.0 0.0 0.0 0.0 0.0 0.0 0.0 0.0 0.0 0.0 0.0 0.0 0.0 0.0 0.0 0.0 0.0 0.0 0.0 0.0 0.0 0.0 0.0 0.0 0.0 0.0 0.0 0.0 0.0 0.0 0.0 0.0 0.0 0.0 0.0 0.0 0.0 0.0 0.0 0.0 0.0 0.0 0.0 0.0 0.0 0.0 0.0 0.0
0.0 0.0 0.0 0.0 0.0 0.0 0.0 0.0 0.0 0.0 0.0 0.0 0.0 0.0 0.0 0.0 0.0 0.0 0.0 0.0 0.0 0.0 0.0 0.0 0.0 0.0 0.0 0.0 0.0 0.0 0.0 0.0 0.0 0.0 0.0 0.0 0.0 0.0 0.0 0.0 0.0 0.0 0.0 0.0 0.0 0.0 0.0 0.0 0.0 0.0 0.0 0.0 0.0 0.0 0.0 0.0 0.0 0.0 0.0 0.0 0.0 0.0 0.0 0.0 0.0 0.0 0.0 0.0 0.0 0.0 0.0 0.0 0.0 0.0 0.0 0.0 0.0 0.0 0.0 0.0 0.0 0.0 0.0 0.0 0.0 0.0 0.0 0.0 0.0 0.0 0.0 0.0 0.0 0.0 0.0 0.0 0.0 0.0 0.0 0.0
0.0 0.0 0.0 0.0 0.0 0.0 0.0 0.0 0.0 0.0 0.0 0.0 0.0 0.0 0.0 0.0 0.0 0.0 0.0 0.0 0.0 0.0 0.0 0.0 0.0 0.0 0.0 0.0 0.0 0.0 0.0 0.0 0.0 0.0 0.0 0.0 0.0 0.0 0.0 0.0 0.0 0.0 0.0 0.0 0.0 0.0 0.0 0.0 0.0 0.0 0.0 0.0 0.0 0.0 0.0 0.0 0.0 0.0 0.0 0.0 0.0 0.0 0.0 0.0 0.0 0.0 0.0 0.0 0.0 0.0 0.0 0.0 0.0 0.0 0.0 0.0 0.0 0.0 0.0 0.0 0.0 0.0 0.0 0.0 0.0 0.0 0.0 0.0 0.0 0.0 0.0 0.0 0.0 0.0 0.0 0.0 0.0 0.0 0.0 0.0
0.0 0.0 0.0 0.0 0.0 0.0 0.0 0.0 0.0 0.0 0.0 0.0 0.0 0.0 0.0 0.0 0.0 0.0 0.0 0.0 0.0 0.0 0.0 0.0 0.0 0.0 0.0 0.0 0.0 0.0 0.0 0.0 0.0 0.0 0.0 0.0 0.0 0.0 0.0 0.0 0.0 0.0 0.0 0.0 0.0 0.0 0.0 0.0 0.0 0.0 0.0 0.0 0.0 0.0 0.0 0.0 0.0 0.0 0.0 0.0 0.0 0.0 0.0 0.0 0.0 0.0 0.0 0.0 0.0 0.0 0.0 0.0 0.0 0.0 0.0 0.0 0.0 0.0 0.0 0.0 0.0 0.0 0.0 0.0 0.0 0.0 0.0 0.0 0.0 0.0 0.0 0.0 0.0 0.0 0.0 0.0 0.0 0.0 0.0 0.0
0.0 0.0 0.0 0.0 0.0 0.0 0.0 0.0 0.0 0.0 0.0 0.0 0.0 0.0 0.0 0.0 0.0 0.0 0.0 0.0 0.0 0.0 0.0 0.0 0.0 0.0 0.0 0.0 0.0 0.0 0.0 0.0 0.0 0.0 0.0 0.0 0.0 0.0 0.0 0.0 0.0 0.0 0.0 0.0 0.0 0.0 0.0 0.0 0.0 0.0 0.0 0.0 0.0 0.0 0.0 0.0 0.0 0.0 0.0 0.0 0.0 0.0 0.0 0.0 0.0 0.0 0.0 0.0 0.0 0.0 0.0 0.0 0.0 0.0 0.0 0.0 0.0 0.0 0.0 0.0 0.0 0.0 0.0 0.0 0.0 0.0 0.0 0.0 0.0 0.0 0.0 0.0 0.0 0.0 0.0 0.0 0.0 0.0 0.0 0.0
0.0 0.0 0.0 0.0 0.0 0.0 0.0 0.0 0.0 0.0 0.0 0.0 0.0 0.0 0.0 0.0 0.0 0.0 0.0 0.0 0.0 0.0 0.0 0.0 0.0 0.0 0.0 0.0 0.0 0.0 0.0 0.0 0.0 0.0 0.0 0.0 0.0 0.0 0.0 0.0 0.0 0.0 0.0 0.0 0.0 0.0 0.0 0.0 0.0 0.0 0.0 0.0 0.0 0.0 0.0 0.0 0.0 0.0 0.0 0.0 0.0 0.0 0.0 0.0 0.0 0.0 0.0 0.0 0.0 0.0 0.0 0.0 0.0 0.0 0.0 0.0 0.0 0.0 0.0 0.0 0.0 0.0 0.0 0.0 0.0 0.0 0.0 0.0 0.0 0.0 0.0 0.0 0.0 0.0 0.0 0.0 0.0 0.0 0.0 0.0
0.0 0.0 0.0 0.0 0.0 0.0 0.0 0.0 0.0 0.0 0.0 0.0 0.0 0.0 0.0 0.0 0.0 0.0 0.0 0.0 0.0 0.0 0.0 0.0 0.0 0.0 0.0 0.0 0.0 0.0 0.0 0.0 0.0 0.0 0.0 0.0 0.0 0.0 0.0 0.0 0.0 0.0 0.0 0.0 0.0 0.0 0.0 0.0 0.0 0.0 0.0 0.0 0.0 0.0 0.0 0.0 0.0 0.0 0.0 0.0 0.0 0.0 0.0 0.0 0.0 0.0 0.0 0.0 0.0 0.0 0.0 0.0 0.0 0.0 0.0 0.0 0.0 0.0 0.0 0.0 0.0 0.0 0.0 0.0 0.0 0.0 0.0 0.0 0.0 0.0 0.0 0.0 0.0 0.0 0.0 0.0 0.0 0.0 0.0 0.0
0.0 0.0 0.0 0.0 0.0 0.0 0.0 0.0 0.0 0.0 0.0 0.0 0.0 0.0 0.0 0.0 0.0 0.0 0.0 0.0 0.0 0.0 0.0 0.0 0.0 0.0 0.0 0.0 0.0 0.0 0.0 0.0 0.0 0.0 0.0 0.0 0.0 0.0 0.0 0.0 0.0 0.0 0.0 0.0 0.0 0.0 0.0 0.0 0.0 0.0 0.0 0.0 0.0 0.0 0.0 0.0 0.0 0.0 0.0 0.0 0.0 0.0 0.0 0.0 0.0 0.0 0.0 0.0 0.0 0.0 0.0 0.0 0.0 0.0 0.0 0.0 0.0 0.0 0.0 0.0 0.0 0.0 0.0 0.0 0.0 0.0 0.0 0.0 0.0 0.0 0.0 0.0 0.0 0.0 0.0 0.0 0.0 0.0 0.0 0.0
0.0 0.0 0.0 0.0 0.0 0.0 0.0 0.0 0.0 0.0 0.0 0.0 0.0 0.0 0.0 0.0 0.0 0.0 0.0 0.0 0.0 0.0 0.0 0.0 0.0 0.0 0.0 0.0 0.0 0.0 0.0 0.0 0.0 0.0 0.0 0.0 0.0 0.0 0.0 0.0 0.0 0.0 0.0 0.0 0.0 0.0 0.0 0.0 0.0 0.0 0.0 0.0 0.0 0.0 0.0 0.0 0.0 0.0 0.0 0.0 0.0 0.0 0.0 0.0 0.0 0.0 0.0 0.0 0.0 0.0 0.0 0.0 0.0 0.0 0.0 0.0 0.0 0.0 0.0 0.0 0.0 0.0 0.0 0.0 0.0 0.0 0.0 0.0 0.0 0.0 0.0 0.0 0.0 0.0 0.0 0.0 0.0 0.0 0.0 0.0
